 20.0  20.2  20.4  20.6  20.8  21.0  21.2  21.4  21.6  21.8 
  5.0   5.2   5.4   5.6   5.8 
         179          98          57          26
         252         138          79          36
         357         194         110          50
         504         272         153          70
         713         381         213          96
        1007         535         296         133
        1421         750         413         184
        2000        1051         574         255
        2795        1471         799         352
