        0.01000        11.24584        11.37162        11.32962        11.55228        11.54371        11.44661
        0.02000        12.72179        12.84996        12.82033        13.02676        13.03391        12.94330
        0.03000        13.57301        13.70319        13.69194        13.86911        13.89830        13.81348
        0.04000        14.16750        14.29988        14.31187        14.44651        14.50558        14.42697
        0.05000        14.62190        14.75571        14.79884        14.87465        14.97151        14.89965
        0.06000        14.98739        15.12234        15.20131        15.20887        15.34758        15.28137
        0.07000        15.29152        15.42713        15.54485        15.48124        15.66164        15.60297
        0.08000        15.55080        15.68790        15.83843        15.71132        15.93060        15.87563
        0.09000        15.77550        15.91305        16.09418        15.91370        16.16245        16.11514
        0.10000        15.97318        16.11320        16.31242        16.09710        16.36769        16.32652
        0.11000        16.14879        16.29301        16.50003        16.26563        16.54970        16.51460
        0.12000        16.30613        16.45637        16.66074        16.42152        16.71340        16.68508
        0.13000        16.44786        16.60688        16.79748        16.56446        16.86086        16.83799
        0.14000        16.57551        16.74601        16.91670        16.70341        16.99462        16.97746
        0.15000        16.69126        16.87427        17.02262        16.82616        17.11700        17.10619
        0.16000        16.79596        16.99308        17.11746        16.94149        17.22900        17.22226
        0.17000        16.89081        17.10099        17.20517        17.05044        17.33165        17.33062
        0.18000        16.97709        17.19933        17.28796        17.14957        17.42555        17.43094
        0.19000        17.05580        17.28855        17.36687        17.23851        17.51030        17.52311
        0.20000        17.12796        17.36922        17.44194        17.32477        17.58650        17.60979
        0.21000        17.19524        17.44258        17.51356        17.41143        17.65063        17.68931
        0.22000        17.25722        17.50945        17.58180        17.49165        17.70206        17.76328
        0.23000        17.31571        17.57095        17.64659        17.57692        17.74166        17.83335
        0.24000        17.37097        17.62883        17.70637        17.66574        17.76831        17.89648
        0.25000        17.42304        17.68073        17.76284        17.75380        17.78409        17.95702
        0.26000        17.47250        17.73000        17.81588        17.84388        17.79530        18.01389
        0.27000        17.51935        17.77675        17.86490        17.93134        17.80471        18.06608
        0.28000        17.56377        17.81920        17.91071        18.01340        17.81541        18.11542
        0.29000        17.60592        17.85965        17.95372        18.08917        17.83016        18.16228
        0.30000        17.64599        17.89819        17.99363        18.15619        17.85182        18.20482
        0.31000        17.68417        17.93323        18.03099        18.21458        17.87726        18.24593
        0.32000        17.72077        17.96676        18.06621        18.26599        17.90665        18.28429
        0.33000        17.75608        17.99890        18.09879        18.31033        17.94078        18.31929
        0.34000        17.79057        18.02787        18.12966        18.34976        17.97749        18.34906
        0.35000        17.82492        18.05568        18.15942        18.38511        18.01578        18.37526
        0.36000        17.85949        18.08252        18.18708        18.41668        18.05680        18.39647
        0.37000        17.89451        18.10595        18.21423        18.44418        18.10088        18.40755
        0.38000        17.93068        18.12838        18.24236        18.46703        18.14897        18.40647
        0.39000        17.96832        18.14900        18.27025        18.48579        18.20166        18.39845
        0.40000        18.00656        18.16782        18.29864        18.49919        18.25836        18.38630
        0.41000        18.04586        18.18481        18.32830        18.50712        18.31691        18.36527
        0.42000        18.08630        18.20010        18.35968        18.51104        18.37909        18.34025
        0.43000        18.12509        18.21399        18.39082        18.51097        18.44141        18.32145
        0.44000        18.16372        18.22626        18.42120        18.50964        18.49946        18.30641
        0.45000        18.20072        18.23754        18.45024        18.50798        18.55397        18.29794
        0.46000        18.23568        18.24845        18.47748        18.50655        18.60186        18.29307
        0.47000        18.26807        18.25793        18.50179        18.50730        18.64229        18.29737
        0.48000        18.29751        18.26747        18.52296        18.51064        18.67749        18.30967
        0.49000        18.32448        18.27684        18.53964        18.51540        18.70666        18.32658
        0.50000        18.34828        18.28620        18.55456        18.52345        18.72814        18.34678
        0.51000        18.36995        18.29561        18.56665        18.53175        18.74798        18.37453
        0.52000        18.38961        18.30508        18.57631        18.54140        18.76581        18.40529
        0.53000        18.40746        18.31483        18.58447        18.55231        18.78107        18.43724
        0.54000        18.42398        18.32394        18.59163        18.56465        18.79509        18.47375
        0.55000        18.43936        18.33329        18.59805        18.57362        18.80836        18.51218
        0.56000        18.45402        18.34251        18.60293        18.58197        18.82147        18.55038
        0.57000        18.46728        18.35152        18.60764        18.59344        18.83179        18.58932
        0.58000        18.48004        18.36024        18.61174        18.60249        18.84259        18.62864
        0.59000        18.49206        18.36873        18.61554        18.60976        18.85215        18.66779
        0.60000        18.50339        18.37753        18.61871        18.61601        18.86060        18.70468
        0.61000        18.51406        18.38500        18.62153        18.62091        18.86694        18.73900
        0.62000        18.52409        18.39277        18.62482        18.62756        18.87196        18.77259
        0.63000        18.53440        18.40031        18.62631        18.63622        18.87366        18.80122
        0.64000        18.54235        18.40789        18.62815        18.64311        18.87168        18.82749
        0.65000        18.55062        18.41474        18.62967        18.65157        18.86621        18.85084
        0.66000        18.55834        18.42166        18.63138        18.66378        18.85693        18.87229
        0.67000        18.56599        18.42840        18.63205        18.67855        18.84284        18.88893
        0.68000        18.57221        18.43509        18.63279        18.69416        18.82539        18.90407
        0.69000        18.57841        18.44136        18.63334        18.71110        18.80579        18.91662
        0.70000        18.58416        18.44760        18.63405        18.72913        18.78492        18.92924
        0.71000        18.58975        18.45370        18.63408        18.74724        18.76387        18.93733
        0.72000        18.59435        18.45977        18.63410        18.76410        18.74374        18.94525
        0.73000        18.59884        18.46552        18.63402        18.77922        18.72556        18.95285
        0.74000        18.60295        18.47122        18.63399        18.79244        18.71000        18.95991
        0.75000        18.60698        18.47681        18.63349        18.80292        18.69816        18.96493
        0.76000        18.61017        18.48241        18.63302        18.81074        18.68891        18.96920
        0.77000        18.61328        18.48770        18.63248        18.81619        18.68216        18.97385
        0.78000        18.61614        18.49296        18.63216        18.81966        18.67799        18.97888
        0.79000        18.61908        18.49814        18.63123        18.82110        18.67613        18.98108
        0.80000        18.62105        18.50335        18.63043        18.82109        18.67626        18.98381
        0.81000        18.62317        18.50816        18.62967        18.82042        18.67868        18.98430
        0.82000        18.62508        18.51305        18.62926        18.81849        18.68124        18.98476
        0.83000        18.62742        18.51782        18.62803        18.81679        18.68569        18.98233
        0.84000        18.62836        18.52282        18.62708        18.81397        18.69150        18.97841
        0.85000        18.62977        18.52717        18.62605        18.81158        18.70020        18.96894
        0.86000        18.63103        18.53183        18.62569        18.80842        18.71002        18.95626
        0.87000        18.63219        18.53648        18.62373        18.80619        18.72227        18.93846
        0.88000        18.63322        18.54174        18.62230        18.80228        18.73674        18.92259
        0.89000        18.63417        18.54599        18.62064        18.79943        18.75234        18.90154
        0.90000        18.63503        18.55109        18.61851        18.79622        18.76924        18.87659
        0.91000        18.63580        18.55657        18.61595        18.79280        18.78747        18.85016
        0.92000        18.63669        18.56240        18.61281        18.78940        18.80821        18.82573
        0.93000        18.63720        18.56870        18.60903        18.78651        18.82630        18.80314
        0.94000        18.63782        18.57528        18.60466        18.78307        18.84328        18.78215
        0.95000        18.63840        18.58248        18.60022        18.77958        18.85903        18.76471
        0.96000        18.63973        18.59021        18.59430        18.77657        18.87287        18.74871
        0.97000        18.63950        18.59886        18.58815        18.77306        18.88442        18.73377
        0.98000        18.63999        18.60678        18.58183        18.76995        18.89301        18.72518
        0.99000        18.64048        18.61524        18.57549        18.76648        18.89961        18.72048
        1.00000        18.64092        18.62363        18.56945        18.76316        18.90380        18.71843
        1.01000        18.64150        18.63195        18.56344        18.75986        18.90669        18.71783
        1.02000        18.64167        18.64021        18.55784        18.75678        18.90541        18.71863
        1.03000        18.64198        18.64771        18.55276        18.75385        18.90470        18.72443
        1.04000        18.64221        18.65476        18.54914        18.75064        18.90326        18.73179
        1.05000        18.64226        18.66115        18.54493        18.74831        18.90101        18.74025
        1.06000        18.64219        18.66797        18.54217        18.74455        18.89852        18.74899
        1.07000        18.64192        18.67213        18.54012        18.74191        18.89486        18.75977
        1.08000        18.64149        18.67671        18.53869        18.73907        18.89164        18.77197
        1.09000        18.64085        18.68084        18.53824        18.73619        18.88826        18.78565
        1.10000        18.64076        18.68449        18.53754        18.73384        18.88474        18.79848
        1.11000        18.63886        18.68839        18.53775        18.73087        18.88137        18.81170
        1.12000        18.63753        18.69060        18.53834        18.72862        18.87783        18.82574
        1.13000        18.63600        18.69324        18.53923        18.72613        18.87445        18.83903
        1.14000        18.63437        18.69573        18.54067        18.72364        18.87121        18.85349
        1.15000        18.63324        18.69807        18.54178        18.72170        18.86780        18.86565
        1.16000        18.63082        18.70081        18.54325        18.71928        18.86451        18.87758
        1.17000        18.62894        18.70243        18.54496        18.71733        18.86102        18.88948
        1.18000        18.62704        18.70447        18.54670        18.71529        18.85779        18.89959
        1.19000        18.62525        18.70647        18.54892        18.71331        18.85467        18.90935
        1.20000        18.62417        18.70842        18.55081        18.71192        18.85165        18.91675
        1.21000        18.62197        18.71086        18.55296        18.70992        18.84860        18.92429
        1.22000        18.62049        18.71224        18.55518        18.70853        18.84535        18.93011
        1.23000        18.61917        18.71409        18.55754        18.70704        18.84270        18.93473
        1.24000        18.61800        18.71594        18.56042        18.70570        18.83979        18.93838
        1.25000        18.61775        18.71777        18.56274        18.70468        18.83679        18.94088
        1.26000        18.61606        18.72021        18.56544        18.70326        18.83465        18.94316
        1.27000        18.61531        18.72140        18.56831        18.70248        18.83177        18.94369
        1.28000        18.61468        18.72316        18.57126        18.70154        18.82918        18.94464
        1.29000        18.61420        18.72494        18.57503        18.70078        18.82700        18.94524
        1.30000        18.61380        18.72675        18.57765        18.70086        18.82458        18.94422
        1.31000        18.61355        18.72946        18.58089        18.69943        18.82295        18.94308
        1.32000        18.61332        18.73046        18.58443        18.69919        18.82036        18.94150
        1.33000        18.61323        18.73215        18.58810        18.69889        18.81828        18.93996
        1.34000        18.61325        18.73398        18.59208        18.69844        18.81663        18.93961
        1.35000        18.61333        18.73583        18.59633        18.69785        18.81465        18.93728
        1.36000        18.61384        18.73769        18.60068        18.69761        18.81319        18.93512
        1.37000        18.61385        18.73991        18.60526        18.69693        18.81148        18.93357
        1.38000        18.61434        18.74149        18.61036        18.69623        18.81018        18.93135
        1.39000        18.61497        18.74343        18.61595        18.69478        18.80880        18.92941
        1.40000        18.61580        18.74540        18.62274        18.69293        18.80776        18.92828
        1.41000        18.61771        18.74738        18.62928        18.69141        18.80663        18.92669
        1.42000        18.61810        18.75018        18.63669        18.68829        18.80602        18.92491
        1.43000        18.61963        18.75152        18.64448        18.68541        18.80490        18.92312
        1.44000        18.62152        18.75349        18.65293        18.68168        18.80405        18.92186
        1.45000        18.62387        18.75557        18.66219        18.67733        18.80363        18.92082
        1.46000        18.62662        18.75765        18.67235        18.67266        18.80317        18.91939
        1.47000        18.63023        18.75974        18.68275        18.66775        18.80249        18.91766
        1.48000        18.63347        18.76224        18.69349        18.66263        18.80262        18.91619
        1.49000        18.63760        18.76385        18.70447        18.65764        18.80244        18.91576
        1.50000        18.64222        18.76585        18.71555        18.65270        18.80227        18.91477
        1.51000        18.64739        18.76783        18.72763        18.64828        18.80259        18.91427
        1.52000        18.65302        18.76975        18.73753        18.64410        18.80283        18.91292
        1.53000        18.65931        18.77164        18.74825        18.64028        18.80399        18.91218
        1.54000        18.66560        18.77377        18.75897        18.63733        18.80352        18.91186
        1.55000        18.67245        18.77527        18.76912        18.63534        18.80433        18.91129
        1.56000        18.67958        18.77700        18.77880        18.63408        18.80513        18.91111
        1.57000        18.68690        18.77869        18.78853        18.63359        18.80587        18.91176
        1.58000        18.69434        18.78037        18.79597        18.63469        18.80678        18.91111
        1.59000        18.70202        18.78203        18.80409        18.63478        18.80882        18.91131
        1.60000        18.70939        18.78394        18.81181        18.63692        18.80938        18.91094
        1.61000        18.71679        18.78538        18.81926        18.63967        18.81086        18.91139
        1.62000        18.72401        18.78710        18.82619        18.64255        18.81237        18.91217
        1.63000        18.73097        18.78889        18.83346        18.64580        18.81381        18.91286
        1.64000        18.73765        18.79077        18.83894        18.65048        18.81555        18.91325
        1.65000        18.74425        18.79276        18.84510        18.65367        18.81828        18.91375
        1.66000        18.75013        18.79515        18.85118        18.65984        18.81963        18.91524
        1.67000        18.75585        18.79715        18.85712        18.66597        18.82186        18.91598
        1.68000        18.76119        18.79958        18.86298        18.67158        18.82422        18.91666
        1.69000        18.76618        18.80217        18.86959        18.67684        18.82673        18.91860
        1.70000        18.77092        18.80494        18.87457        18.68216        18.82932        18.91952
        1.71000        18.77574        18.80790        18.88028        18.68784        18.83197        18.92094
        1.72000        18.77964        18.81143        18.88602        18.69457        18.83494        18.92260
        1.73000        18.78373        18.81442        18.89178        18.70149        18.83781        18.92448
        1.74000        18.78767        18.81795        18.89756        18.70818        18.84095        18.92640
        1.75000        18.79153        18.82168        18.90446        18.71466        18.84413        18.92920
        1.76000        18.79538        18.82560        18.90925        18.72126        18.84734        18.93073
        1.77000        18.79984        18.82968        18.91491        18.72845        18.85052        18.93261
        1.78000        18.80306        18.83452        18.92076        18.73465        18.85406        18.93485
        1.79000        18.80696        18.83837        18.92664        18.74076        18.85694        18.93739
        1.80000        18.81096        18.84282        18.93253        18.74756        18.86017        18.93981
        1.81000        18.81509        18.84748        18.93842        18.75529        18.86325        18.94254
        1.82000        18.81937        18.85228        18.94473        18.76350        18.86588        18.94569
        1.83000        18.82380        18.85720        18.95028        18.77306        18.86819        18.94858
        1.84000        18.82853        18.86224        18.95629        18.78161        18.87068        18.95207
        1.85000        18.83313        18.86764        18.96233        18.78981        18.87113        18.95482
        1.86000        18.83805        18.87261        18.96833        18.79900        18.87203        18.95846
        1.87000        18.84315        18.87794        18.97439        18.80949        18.87252        18.96136
        1.88000        18.84844        18.88337        18.98154        18.82088        18.87261        18.96633
        1.89000        18.85388        18.88890        18.98682        18.83314        18.87196        18.96920
        1.90000        18.86011        18.89454        18.99285        18.84649        18.87071        18.97277
        1.91000        18.86525        18.90096        18.99906        18.85925        18.86919        18.97654
        1.92000        18.87115        18.90620        19.00538        18.87262        18.86655        18.98077
        1.93000        18.87723        18.91198        19.01161        18.88668        18.86434        18.98518
        1.94000        18.88348        18.91797        19.01794        18.90126        18.86201        18.98935
        1.95000        18.88987        18.92405        19.02506        18.91639        18.85977        18.99420
        1.96000        18.89642        18.93023        19.03079        18.93155        18.85749        18.99799
        1.97000        18.90351        18.93650        19.03728        18.94690        18.85549        19.00298
        1.98000        18.90994        18.94337        19.04371        18.96168        18.85423        19.00774
        1.99000        18.91696        18.94935        19.05029        18.97634        18.85327        19.01294
        2.00000        18.92414        18.95580        19.05694        18.99105        18.85287        19.01751
        2.01000        18.93148        18.96242        19.06363        19.00535        18.85308        19.02304
        2.02000        18.93898        18.96911        19.07080        19.01954        18.85410        19.02884
        2.03000        18.94667        18.97589        19.07708        19.03319        18.85630        19.03395
        2.04000        18.95487        18.98276        19.08385        19.04647        18.85920        19.03887
        2.05000        18.96260        18.99020        19.09077        19.05868        18.86295        19.04478
        2.06000        18.97090        18.99680        19.09763        19.07085        18.86728        19.05087
        2.07000        18.97944        19.00385        19.10468        19.08289        18.87252        19.05641
        2.08000        18.98824        19.01104        19.11175        19.09435        18.87810        19.06263
        2.09000        18.99731        19.01830        19.11935        19.10567        18.88444        19.06933
        2.10000        19.00665        19.02564        19.12604        19.11668        18.89179        19.07520
        2.11000        19.01667        19.03305        19.13328        19.12736        18.89940        19.08158
        2.12000        19.02613        19.04108        19.14049        19.13735        18.90808        19.08782
        2.13000        19.03626        19.04815        19.14791        19.14769        18.91693        19.09392
        2.14000        19.04660        19.05566        19.15536        19.15752        18.92632        19.09990
        2.15000        19.05719        19.06329        19.16283        19.16774        18.93653        19.10630
        2.16000        19.06801        19.07099        19.17118        19.17781        18.94671        19.11243
        2.17000        19.07901        19.07873        19.17813        19.18783        18.95728        19.11802
        2.18000        19.09089        19.08652        19.18583        19.19823        18.96874        19.12359
        2.19000        19.10170        19.09514        19.19365        19.20754        18.98077        19.12918
        2.20000        19.11328        19.10249        19.20146        19.21741        18.99302        19.13449
        2.21000        19.12506        19.11030        19.20945        19.22726        19.00606        19.13836
        2.22000        19.13701        19.11834        19.21743        19.23724        19.01963        19.14090
        2.23000        19.14913        19.12647        19.22556        19.24730        19.03399        19.14445
        2.24000        19.16134        19.13467        19.23398        19.25722        19.04857        19.14627
        2.25000        19.17367        19.14294        19.24206        19.26813        19.06441        19.14781
        2.26000        19.18625        19.15132        19.25039        19.27724        19.08118        19.15019
        2.27000        19.19849        19.16014        19.25883        19.28737        19.09746        19.15233
        2.28000        19.21091        19.16834        19.26733        19.29713        19.11410        19.15346
        2.29000        19.22327        19.17693        19.27591        19.30739        19.13163        19.15372
        2.30000        19.23553        19.18568        19.28457        19.31738        19.14913        19.15410
        2.31000        19.24770        19.19450        19.29396        19.32770        19.16769        19.15479
        2.32000        19.25979        19.20349        19.30219        19.33775        19.18614        19.15421
        2.33000        19.27250        19.21256        19.31106        19.34851        19.20551        19.15445
        2.34000        19.28375        19.22258        19.32000        19.35826        19.22516        19.15576
        2.35000        19.29554        19.23141        19.32905        19.36867        19.24399        19.15746
        2.36000        19.30731        19.24076        19.33809        19.37881        19.26240        19.15967
        2.37000        19.31905        19.25050        19.34726        19.38925        19.28097        19.16202
        2.38000        19.33071        19.26042        19.35642        19.39952        19.29905        19.16583
        2.39000        19.34232        19.27054        19.36614        19.40987        19.31746        19.17097
        2.40000        19.35385        19.28082        19.37500        19.42027        19.33518        19.17610
        2.41000        19.36578        19.29130        19.38438        19.43090        19.35234        19.18083
        2.42000        19.37678        19.30254        19.39369        19.44131        19.36994        19.18620
        2.43000        19.38815        19.31290        19.40300        19.45169        19.38559        19.19339
        2.44000        19.39950        19.32378        19.41235        19.46227        19.40171        19.20132
        2.45000        19.41080        19.33502        19.42166        19.47273        19.41730        19.21098
        2.46000        19.42208        19.34651        19.43104        19.48334        19.43262        19.22172
        2.47000        19.43333        19.35820        19.44065        19.49410        19.44778        19.23199
        2.48000        19.44459        19.37013        19.44949        19.50580        19.46206        19.24351
        2.49000        19.45626        19.38229        19.45871        19.51551        19.47629        19.25510
        2.50000        19.46715        19.39526        19.46784        19.52614        19.49054        19.26662
        2.51000        19.47846        19.40739        19.47694        19.53688        19.50341        19.27950
        2.52000        19.48985        19.42005        19.48601        19.54771        19.51702        19.29331
        2.53000        19.50128        19.43306        19.49507        19.55856        19.53046        19.30823
        2.54000        19.51291        19.44631        19.50412        19.56932        19.54352        19.32314
        2.55000        19.52506        19.45974        19.51354        19.58038        19.55700        19.33872
        2.56000        19.53749        19.47336        19.52217        19.59133        19.57024        19.35498
        2.57000        19.55070        19.48720        19.53112        19.60253        19.58307        19.37079
        2.58000        19.56347        19.50196        19.54010        19.61333        19.59683        19.38681
        2.59000        19.57705        19.51554        19.54912        19.62456        19.60939        19.40337
        2.60000        19.59113        19.52959        19.55814        19.63572        19.62219        19.42089
        2.61000        19.60586        19.54394        19.56738        19.64682        19.63534        19.43913
        2.62000        19.62118        19.55835        19.57665        19.65819        19.64861        19.45674
        2.63000        19.63717        19.57283        19.58663        19.66929        19.66167        19.47656
        2.64000        19.65398        19.58738        19.59568        19.68056        19.67466        19.49465
        2.65000        19.67227        19.60197        19.60535        19.69241        19.68805        19.51307
        2.66000        19.68993        19.61775        19.61517        19.70352        19.70214        19.53128
        2.67000        19.70900        19.63172        19.62509        19.71489        19.71455        19.55023
        2.68000        19.72891        19.64607        19.63527        19.72643        19.72759        19.56924
        2.69000        19.74951        19.66075        19.64559        19.73807        19.74107        19.58873
        2.70000        19.77094        19.67546        19.65609        19.74981        19.75452        19.60754
        2.71000        19.79309        19.69017        19.66771        19.76136        19.76781        19.62833
        2.72000        19.81578        19.70488        19.67788        19.77312        19.78106        19.64708
        2.73000        19.83906        19.71959        19.68882        19.78578        19.79457        19.66607
        2.74000        19.86340        19.73427        19.70004        19.79686        19.80812        19.68460
        2.75000        19.88762        19.74976        19.71155        19.80876        19.82206        19.70371
        2.76000        19.91274        19.76391        19.72313        19.82064        19.83507        19.72302
        2.77000        19.93843        19.77843        19.73493        19.83277        19.84851        19.74204
        2.78000        19.96473        19.79319        19.74693        19.84482        19.86209        19.76060
        2.79000        19.99157        19.80798        19.75894        19.85698        19.87584        19.77917
        2.80000        20.01888        19.82281        19.77179        19.86927        19.88954        19.79857
        2.81000        20.04672        19.83770        19.78356        19.88145        19.90316        19.81703
        2.82000        20.07622        19.85264        19.79585        19.89429        19.91660        19.83468
        2.83000        20.10426        19.86764        19.80845        19.90617        19.93127        19.85271
        2.84000        20.13352        19.88328        19.82118        19.91861        19.94425        19.87041
        2.85000        20.16358        19.89798        19.83392        19.93119        19.95788        19.88824
        2.86000        20.19420        19.91308        19.84679        19.94400        19.97163        19.90557
        2.87000        20.22539        19.92840        19.85977        19.95656        19.98546        19.92302
        2.88000        20.25713        19.94385        19.87275        19.96919        19.99928        19.94064
        2.89000        20.28940        19.95941        19.88638        19.98193        20.01294        19.95843
        2.90000        20.32229        19.97508        19.89909        19.99481        20.02678        19.97503
        2.91000        20.35692        19.99088        19.91231        20.00808        20.04058        19.99153
        2.92000        20.39007        20.00678        19.92566        20.02068        20.05551        20.00807
        2.93000        20.42459        20.02331        19.93899        20.03375        20.06879        20.02473
        2.94000        20.45995        20.03907        19.95240        20.04693        20.08256        20.04054
        2.95000        20.49597        20.05523        19.96593        20.06029        20.09654        20.05716
        2.96000        20.53269        20.07162        19.97950        20.07348        20.11060        20.07343
        2.97000        20.57014        20.08816        19.99311        20.08672        20.12461        20.08987
        2.98000        20.60834        20.10483        20.00736        20.10006        20.13868        20.10744
        2.99000        20.64739        20.12163        20.02062        20.11346        20.15265        20.12318
        3.00000        20.68893        20.13856        20.03434        20.12753        20.16666        20.13848
        3.01000        20.72863        20.15563        20.04821        20.14062        20.18180        20.15417
        3.02000        20.77019        20.17344        20.06213        20.15430        20.19519        20.17018
        3.03000        20.81324        20.19035        20.07613        20.16804        20.20909        20.18624
        3.04000        20.85751        20.20768        20.09017        20.18177        20.22327        20.20209
        3.05000        20.90311        20.22531        20.10428        20.19560        20.23753        20.21794
        3.06000        20.95012        20.24307        20.11844        20.20956        20.25186        20.23384
        3.07000        20.99864        20.26095        20.13343        20.22356        20.26623        20.25104
        3.08000        99.00000        20.27897        20.14714        20.23762        20.28061        20.26675
        3.09000        99.00000        20.29710        20.16129        20.25264        20.29500        20.28251
        3.10000        99.00000        20.31534        20.17567        20.26610        20.30939        20.29839
        3.11000        99.00000        20.33453        20.19011        20.28019        20.32434        20.31428
        3.12000        99.00000        20.35243        20.20462        20.29456        20.33837        20.33023
        3.13000        99.00000        20.37070        20.21918        20.30899        20.35284        20.34619
        3.14000        99.00000        20.38932        20.23381        20.32346        20.36741        20.36216
        3.15000        99.00000        20.40806        20.24850        20.33796        20.38200        20.37807
        3.16000        99.00000        20.42692        20.26326        20.35252        20.39664        20.39523
        3.17000        99.00000        20.44588        20.27850        20.36713        20.41129        20.41089
        3.18000        99.00000        20.46494        20.29298        20.38182        20.42598        20.42664
        3.19000        99.00000        20.48410        20.30785        20.39703        20.44067        20.44246
        3.20000        99.00000        20.50337        20.32282        20.41134        20.45632        20.45838
        3.21000        99.00000        20.52336        20.33785        20.42625        20.47045        20.47447
        3.22000        99.00000        20.54240        20.35296        20.44121        20.48512        20.49095
        3.23000        99.00000        20.56183        20.36814        20.45621        20.50011        20.50721
        3.24000        99.00000        20.58152        20.38341        20.47120        20.51508        20.52314
        3.25000        99.00000        20.60133        20.39879        20.48615        20.53010        20.53918
        3.26000        99.00000        20.62124        20.41518        20.50102        20.54520        20.55689
        3.27000        99.00000        20.64127        20.43014        20.51609        20.56044        20.57311
        3.28000        99.00000        20.66150        20.44553        20.53118        20.57565        20.58889
        3.29000        99.00000        20.68194        20.46125        20.54660        20.59082        20.60481
        3.30000        99.00000        20.70381        20.47703        20.56141        20.60689        20.62120
        3.31000        99.00000        20.72405        20.49287        20.57646        20.62149        20.63736
        3.32000        99.00000        20.74479        20.50881        20.59137        20.63672        20.65376
        3.33000        99.00000        20.76609        20.52492        20.60634        20.65207        20.67093
        3.34000        99.00000        20.78790        20.54115        20.62121        20.66747        20.68679
        3.35000        99.00000        20.81009        20.55743        20.63588        20.68291        20.70343
        3.36000        99.00000        20.83265        20.57473        20.65076        20.69853        20.72085
        3.37000        99.00000        20.85564        20.59079        20.66545        20.71415        20.73687
        3.38000        99.00000        20.87902        20.60730        20.68014        20.72999        20.75362
        3.39000        99.00000        20.90283        20.62412        20.69512        20.74570        20.76952
        3.40000        99.00000        20.92837        20.64100        20.70945        20.76229        20.78613
        3.41000        99.00000        20.95227        20.65800        20.72381        20.77744        20.80236
        3.42000        99.00000        20.97677        20.67528        20.73825        20.79308        20.81987
        3.43000        99.00000        21.00189        20.69270        20.75253        20.80888        20.83588
        3.44000        99.00000        21.02744        20.71028        20.76699        20.82496        20.85283
        3.45000        99.00000        21.05324        20.72822        20.78117        20.84102        20.86937
        3.46000        99.00000        21.07928        20.74754        20.79544        20.85728        20.88725
        3.47000        99.00000        21.10558        20.76542        20.80975        20.87347        20.90329
        3.48000        99.00000        21.13214        20.78389        20.82384        20.88958        20.91964
        3.49000        99.00000        21.15894        20.80302        20.83847        20.90574        20.93683
        3.50000        99.00000        21.18599        20.82231        20.85227        20.92285        20.95340
        3.51000        99.00000        21.21410        20.84186        20.86657        20.93861        20.97003
        3.52000        99.00000        21.24106        20.86173        20.88101        20.95498        20.98728
        3.53000        99.00000        21.26855        20.88186        20.89563        20.97149        21.00377
        3.54000        99.00000        21.29651        20.90216        20.91006        20.98794        21.02074
        3.55000        99.00000        21.32472        20.92279        20.92470        21.00437        21.03766
        3.56000        99.00000        21.35306        20.94355        20.93960        21.02101        21.05493
        3.57000        99.00000        21.38147        20.96528        20.95454        21.03778        21.07301
        3.58000        99.00000        21.40994        20.98604        20.96970        21.05459        21.08924
        3.59000        99.00000        21.43847        21.00736        20.98555        21.07138        21.10583
        3.60000        99.00000        21.46697        21.02925        21.00024        21.08810        21.12328
        3.61000        99.00000        21.49686        21.05122        21.01563        21.10553        21.14032
        3.62000        99.00000        21.52452        21.07346        21.03136        21.12220        21.15780
        3.63000        99.00000        21.55251        21.09590        21.04739        21.13922        21.17457
        3.64000        99.00000        21.58084        21.11837        21.06331        21.15619        21.19195
        3.65000        99.00000        21.60938        21.14091        21.07941        21.17313        21.20911
        3.66000        99.00000        21.63803        21.16338        21.09594        21.19038        21.22617
        3.67000        99.00000        21.66680        21.18728        21.11252        21.20781        21.24479
        3.68000        99.00000        21.69572        21.20897        21.12926        21.22504        21.26144
        3.69000        99.00000        21.72476        21.23119        21.14598        21.24229        21.27900
        3.70000        99.00000        21.75391        21.25370        21.16355        21.25962        21.29615
        3.71000        99.00000        21.78320        21.27649        21.18018        21.27732        21.31369
        3.72000        99.00000        21.81340        21.29935        21.19755        21.29519        21.33080
        3.73000        99.00000        21.84250        21.32235        21.21511        21.31227        21.34874
        3.74000        99.00000        21.87194        21.34528        21.23293        21.32982        21.36616
        3.75000        99.00000        21.90169        21.36843        21.25066        21.34771        21.38400
        3.76000        99.00000        21.93166        21.39160        21.26848        21.36540        21.40137
        3.77000        99.00000        21.96176        21.41492        21.28613        21.38300        21.41920
        3.78000        99.00000        21.99197        21.43935        21.30405        21.40087        21.43781
        3.79000        99.00000        22.02232        21.46214        21.32202        21.41892        21.45529
        3.80000        99.00000        22.05282        21.48531        21.33995        21.43683        21.47319
        3.81000        99.00000        22.08343        21.50887        21.35857        21.45463        21.49084
        3.82000        99.00000        22.11418        21.53259        21.37632        21.47293        21.50889
        3.83000        99.00000        22.14593        21.55645        21.39499        21.49139        21.52624
        3.84000        99.00000        22.17651        21.58045        21.41386        21.50901        21.54442
        3.85000        99.00000        22.20744        21.60441        21.43284        21.52721        21.56256
        3.86000        99.00000        22.23872        21.62865        21.45186        21.54569        21.58049
        3.87000        99.00000        22.27028        21.65292        21.47045        21.56385        21.59918
        3.88000        99.00000        22.30200        21.67722        21.48914        21.58212        21.61688
        3.89000        99.00000        22.33389        21.70177        21.50771        21.60069        21.63607
        3.90000        99.00000        22.36601        21.72687        21.52627        21.61911        21.65405
        3.91000        99.00000        22.39827        21.75110        21.54496        21.63743        21.67223
        3.92000        99.00000        22.43070        21.77589        21.56438        21.65619        21.69040
        3.93000        99.00000        22.46336        21.80081        21.58262        21.67472        21.70835
        3.94000        99.00000        22.49724        21.82586        21.60144        21.69373        21.72709
        3.95000        99.00000        22.52970        21.85100        21.62059        21.71222        21.74561
        3.96000        99.00000        22.56260        21.87628        21.63967        21.73078        21.76381
        3.97000        99.00000        22.59591        21.90167        21.65885        21.74939        21.78288
        3.98000        99.00000        22.62953        21.92720        21.67800        21.76842        21.80133
        3.99000        99.00000        22.66342        21.95285        21.69712        21.78723        21.81989
        4.00000        99.00000        22.69749        21.97859        21.71634        21.80596        21.83872
        4.01000        99.00000        22.73179        22.00534        21.73557        21.82503        21.85802
        4.02000        99.00000        22.76635        22.03081        21.75481        21.84388        21.87685
        4.03000        99.00000        22.80111        22.05666        21.77529        21.86263        21.89513
        4.04000        99.00000        22.83611        22.08299        21.79410        21.88178        21.91390
        4.05000        99.00000        22.87137        22.10943        21.81317        21.90138        21.93301
        4.06000        99.00000        22.90769        22.13582        21.83221        21.91970        21.95188
        4.07000        99.00000        22.94292        22.16252        21.85153        21.93846        21.97067
        4.08000        99.00000        22.97862        22.18930        21.87062        21.95711        21.98980
        4.09000        99.00000        23.01477        22.21615        21.89019        21.97632        22.00918
        4.10000        99.00000        23.05128        22.24323        21.90990        21.99516        22.02825
        4.11000        99.00000        23.08801        22.27035        21.92987        22.01389        22.04730
        4.12000        99.00000        23.12501        22.29774        21.94995        22.03291        22.06735
        4.13000        99.00000        23.16232        22.32583        21.97001        22.05145        22.08659
        4.14000        99.00000        23.19985        22.35277        21.99036        22.07022        22.10604
        4.15000        99.00000        23.23772        22.38022        22.01164        22.08880        22.12447
        4.16000        99.00000        23.27587        22.40798        22.03170        22.10705        22.14421
        4.17000        99.00000        23.31601        22.43601        22.05222        22.12637        22.16348
        4.18000        99.00000        23.35396        22.46420        22.07253        22.14395        22.18306
        4.19000        99.00000        23.39244        22.49238        22.09318        22.16214        22.20296
        4.20000        99.00000        23.43154        22.52085        22.11397        22.18033        22.22208
        4.21000        99.00000        23.47119        22.54943        22.13500        22.19827        22.24185
        4.22000        99.00000        23.51124        22.57826        22.15625        22.21651        22.26139
        4.23000        99.00000        23.55167        22.60720        22.17741        22.23419        22.28135
        4.24000        99.00000        23.59238        22.63781        22.19909        22.25233        22.30221
        4.25000        99.00000        99.00000        22.66625        22.22071        22.26998        22.32190
        4.26000        99.00000        99.00000        22.69506        22.24247        22.28761        22.34152
        4.27000        99.00000        99.00000        22.72450        22.26525        22.30536        22.36064
        4.28000        99.00000        99.00000        22.75422        22.28669        22.32272        22.38085
        4.29000        99.00000        99.00000        22.78418        22.30865        22.34127        22.40083
        4.30000        99.00000        99.00000        22.81427        22.33060        22.35796        22.42081
        4.31000        99.00000        99.00000        22.84458        22.35289        22.37554        22.44088
        4.32000        99.00000        99.00000        22.87521        22.37500        22.39291        22.46112
        4.33000        99.00000        99.00000        22.90594        22.39735        22.41067        22.48154
        4.34000        99.00000        99.00000        22.93709        22.41968        22.42816        22.50200
        4.35000        99.00000        99.00000        22.96846        22.44206        22.44574        22.52192
        4.36000        99.00000        99.00000        23.00023        22.46455        22.46357        22.54298
        4.37000        99.00000        99.00000        23.03323        22.48704        22.48118        22.56310
        4.38000        99.00000        99.00000        23.06504        22.50956        22.49918        22.58314
        4.39000        99.00000        99.00000        23.09761        22.53308        22.51699        22.60371
        4.40000        99.00000        99.00000        23.13084        22.55482        22.53535        22.62411
        4.41000        99.00000        99.00000        23.16442        22.57669        22.55420        22.64464
        4.42000        99.00000        99.00000        23.19841        22.59911        22.57229        22.66507
        4.43000        99.00000        99.00000        23.23278        22.62116        22.59014        22.68576
        4.44000        99.00000        99.00000        23.26760        22.64347        22.60896        22.70631
        4.45000        99.00000        99.00000        23.30285        22.66533        22.62743        22.72706
        4.46000        99.00000        99.00000        23.33859        22.68757        22.64658        22.74782
        4.47000        99.00000        99.00000        23.37483        22.70936        22.66541        22.76859
        4.48000        99.00000        99.00000        23.41159        22.73136        22.68481        22.78953
        4.49000        99.00000        99.00000        23.45051        22.75299        22.70399        22.81123
        4.50000        99.00000        99.00000        23.48753        22.77484        22.72376        22.83191
        4.51000        99.00000        99.00000        23.52548        22.79630        22.74332        22.85272
        4.52000        99.00000        99.00000        23.56439        22.81872        22.76342        22.87351
        4.53000        99.00000        99.00000        23.60403        22.83938        22.78331        22.89451
        4.54000        99.00000        99.00000        23.64412        22.86068        22.80446        22.91543
        4.55000        99.00000        99.00000        23.68461        22.88206        22.82417        22.93654
        4.56000        99.00000        99.00000        23.72522        22.90396        22.84478        22.95769
        4.57000        99.00000        99.00000        23.76596        22.92564        22.86516        22.97904
        4.58000        99.00000        99.00000        23.80656        22.94798        22.88624        23.00010
        4.59000        99.00000        99.00000        23.84677        22.97035        22.90693        23.02184
        4.60000        99.00000        99.00000        23.88667        22.99348        22.92818        23.04266
        4.61000        99.00000        99.00000        23.92608        23.01675        22.94908        23.06425
        4.62000        99.00000        99.00000        23.96625        23.04052        22.97046        23.08607
        4.63000        99.00000        99.00000        24.00174        23.06416        22.99167        23.10731
        4.64000        99.00000        99.00000        24.03768        23.08830        23.01332        23.12833
        4.65000        99.00000        99.00000        24.07376        23.11365        23.03479        23.15010
        4.66000        99.00000        99.00000        24.10980        23.13856        23.05661        23.17164
        4.67000        99.00000        99.00000        24.14530        23.16446        23.07910        23.19315
        4.68000        99.00000        99.00000        24.18039        23.19111        23.10052        23.21448
        4.69000        99.00000        99.00000        24.21459        23.21842        23.12256        23.23564
        4.70000        99.00000        99.00000        24.24820        23.24608        23.14454        23.25686
        4.71000        99.00000        99.00000        24.28097        23.27482        23.16718        23.27815
        4.72000        99.00000        99.00000        24.31295        23.30375        23.18941        23.29988
        4.73000        99.00000        99.00000        24.34404        23.33344        23.21206        23.32063
        4.74000        99.00000        99.00000        24.37428        23.36354        23.23450        23.34178
        4.75000        99.00000        99.00000        24.40640        23.39426        23.25725        23.36406
        4.76000        99.00000        99.00000        24.43438        23.42551        23.27999        23.38535
        4.77000        99.00000        99.00000        24.46257        23.45710        23.30274        23.40604
        4.78000        99.00000        99.00000        24.49085        23.48988        23.32583        23.42693
        4.79000        99.00000        99.00000        24.51912        23.52135        23.34869        23.44829
        4.80000        99.00000        99.00000        24.54741        23.55350        23.37283        23.46914
        4.81000        99.00000        99.00000        24.57563        23.58582        23.39553        23.49030
        4.82000        99.00000        99.00000        24.60397        23.61844        23.41892        23.51169
        4.83000        99.00000        99.00000        24.63224        23.65123        23.44256        23.53236
        4.84000        99.00000        99.00000        24.66061        23.68404        23.46603        23.55240
        4.85000        99.00000        99.00000        24.68899        23.71734        23.49015        23.57271
        4.86000        99.00000        99.00000        24.71734        23.75041        23.51385        23.59317
        4.87000        99.00000        99.00000        24.74582        23.78338        23.53808        23.61323
        4.88000        99.00000        99.00000        24.77494        23.81604        23.56222        23.63471
        4.89000        99.00000        99.00000        24.80314        23.84864        23.58636        23.65402
        4.90000        99.00000        99.00000        24.83149        23.88180        23.61097        23.67360
        4.91000        99.00000        99.00000        24.85991        23.91670        23.63532        23.69342
        4.92000        99.00000        99.00000        24.88850        23.94961        23.66020        23.71319
        4.93000        99.00000        99.00000        24.91703        23.98282        23.68506        23.73396
        4.94000        99.00000        99.00000        24.94575        24.01656        23.71023        23.75383
        4.95000        99.00000        99.00000        24.97462        24.05111        23.73512        23.77404
        4.96000        99.00000        99.00000        25.00364        24.08535        23.75966        23.79403
        4.97000        99.00000        99.00000        25.03296        24.11991        23.78485        23.81434
        4.98000        99.00000        99.00000        25.06245        24.15487        23.80995        23.83389
        4.99000        99.00000        99.00000        25.09226        24.18992        23.83472        23.85374
        5.00000        99.00000        99.00000        25.12248        24.22562        23.86006        23.87336
        5.01000        99.00000        99.00000        25.15307        24.26127        23.88516        23.89372
        5.02000        99.00000        99.00000        25.18473        24.29736        23.91045        23.91426
        5.03000        99.00000        99.00000        25.21592        24.33381        23.93597        23.93385
        5.04000        99.00000        99.00000        25.24756        24.37037        23.96105        23.95367
        5.05000        99.00000        99.00000        25.27985        24.40827        23.98658        23.97401
        5.06000        99.00000        99.00000        25.31249        24.44462        24.01204        23.99384
        5.07000        99.00000        99.00000        25.34547        24.48164        24.03833        24.01431
        5.08000        99.00000        99.00000        25.37890        24.51939        24.06331        24.03446
        5.09000        99.00000        99.00000        25.41273        24.55799        24.08830        24.05573
        5.10000        99.00000        99.00000        25.44702        24.59646        24.11312        24.07632
        5.11000        99.00000        99.00000        25.48173        24.63539        24.13853        24.09690
        5.12000        99.00000        99.00000        25.51687        24.67423        24.16365        24.11862
        5.13000        99.00000        99.00000        25.55260        24.71315        24.18855        24.13961
        5.14000        99.00000        99.00000        25.58878        24.75263        24.21382        24.16119
        5.15000        99.00000        99.00000        25.62538        24.79177        24.23869        24.18324
        5.16000        99.00000        99.00000        25.66323        24.83143        24.26362        24.20561
        5.17000        99.00000        99.00000        25.70065        24.87161        24.28880        24.22735
        5.18000        99.00000        99.00000        25.73852        24.91162        24.31339        24.24976
        5.19000        99.00000        99.00000        25.77711        24.95388        24.33811        24.27166
        5.20000        99.00000        99.00000        25.81617        24.99393        24.36302        24.29393
        5.21000        99.00000        99.00000        25.85572        25.03401        24.38742        24.31635
        5.22000        99.00000        99.00000        25.89583        25.06967        24.41246        24.33849
        5.23000        99.00000        99.00000        25.93621        25.10073        24.43671        24.36103
        5.24000        99.00000        99.00000        25.97694        25.13448        24.46089        24.38428
        5.25000        99.00000        99.00000        26.01815        25.16850        24.48512        24.40719
        5.26000        99.00000        99.00000        26.05956        25.20418        24.50966        24.43056
        5.27000        99.00000        99.00000        26.10124        25.24257        24.53403        24.45475
        5.28000        99.00000        99.00000        26.14320        25.28314        24.55814        24.47824
        5.29000        99.00000        99.00000        26.18533        25.32536        24.58266        24.50170
        5.30000        99.00000        99.00000        26.22869        25.36832        24.60695        24.52702
        5.31000        99.00000        99.00000        26.27090        25.41185        24.63094        24.55101
        5.32000        99.00000        99.00000        26.31367        25.45605        24.65527        24.57506
        5.33000        99.00000        99.00000        26.35674        25.50070        24.67940        24.59904
        5.34000        99.00000        99.00000        26.40005        25.54690        24.70327        24.62348
        5.35000        99.00000        99.00000        26.44375        25.59148        24.72738        24.64827
        5.36000        99.00000        99.00000        26.48749        25.63725        24.75240        24.67235
        5.37000        99.00000        99.00000        26.53141        25.68387        24.77573        24.69715
        5.38000        99.00000        99.00000        26.57571        25.73106        24.79930        24.72167
        5.39000        99.00000        99.00000        26.62015        25.77888        24.82344        24.74641
        5.40000        99.00000        99.00000        26.66498        25.82718        24.84750        24.77214
        5.41000        99.00000        99.00000        26.71006        25.87580        24.87134        24.79762
        5.42000        99.00000        99.00000        26.75552        25.92500        24.89544        24.82324
        5.43000        99.00000        99.00000        26.80125        25.97488        24.91959        24.84799
        5.44000        99.00000        99.00000        26.84726        26.02512        24.94340        24.87375
        5.45000        99.00000        99.00000        26.89471        26.07603        24.96732        24.90024
        5.46000        99.00000        99.00000        26.94101        26.12794        24.99149        24.92539
        5.47000        99.00000        99.00000        26.98792        26.18050        25.01548        24.95151
        5.48000        99.00000        99.00000        27.03520        26.23695        25.03919        24.97716
        5.49000        99.00000        99.00000        27.08309        26.28946        25.06316        25.00314
        5.50000        99.00000        99.00000        27.13098        26.34393        25.08718        25.02871
        5.51000        99.00000        99.00000        27.17918        26.40007        25.11163        25.05503
        5.52000        99.00000        99.00000        27.22778        26.45763        25.13484        25.08084
        5.53000        99.00000        99.00000        27.27676        26.51658        25.15859        25.10727
        5.54000        99.00000        99.00000        27.32606        26.57696        25.18249        25.13299
        5.55000        99.00000        99.00000        27.37569        26.63815        25.20609        25.15956
        5.56000        99.00000        99.00000        27.42590        26.70054        25.22975        25.18597
        5.57000        99.00000        99.00000        27.47647        26.76457        25.25369        25.21251
        5.58000        99.00000        99.00000        27.52762        26.83013        25.27768        25.23862
        5.59000        99.00000        99.00000        27.57914        26.89634        25.30179        25.26532
        5.60000        99.00000        99.00000        27.63278        26.96335        25.32628        25.29281
        5.61000        99.00000        99.00000        27.68493        27.03128        25.35139        25.31911
        5.62000        99.00000        99.00000        27.73788        27.09897        25.37685        25.34555
        5.63000        99.00000        99.00000        27.79145        27.16540        25.40284        25.37233
        5.64000        99.00000        99.00000        27.84587        27.23383        25.42953        25.39875
        5.65000        99.00000        99.00000        27.90068        27.29658        25.45721        25.42545
        5.66000        99.00000        99.00000        27.95599        27.35918        25.48624        25.45188
        5.67000        99.00000        99.00000        28.01152        27.42050        25.51449        25.47886
        5.68000        99.00000        99.00000        28.06755        27.47989        25.54347        25.50549
        5.69000        99.00000        99.00000        28.12388        27.53759        25.57356        25.53262
        5.70000        99.00000        99.00000        28.18028        27.59408        25.60448        25.55875
        5.71000        99.00000        99.00000        28.23671        27.64853        25.63621        25.58588
        5.72000        99.00000        99.00000        28.29318        27.70160        25.66870        25.61246
        5.73000        99.00000        99.00000        28.34989        27.75238        25.70212        25.63917
        5.74000        99.00000        99.00000        28.40618        27.80016        25.73593        25.66586
        5.75000        99.00000        99.00000        28.46264        27.84637        25.77091        25.69383
        5.76000        99.00000        99.00000        28.51923        27.88965        25.80685        25.72053
        5.77000        99.00000        99.00000        28.57272        27.92993        25.84371        25.74721
        5.78000        99.00000        99.00000        28.62696        27.96799        25.88148        25.77410
        5.79000        99.00000        99.00000        28.68147        28.01108        25.91997        25.80048
        5.80000        99.00000        99.00000        28.73608        28.04272        25.95910        25.82743
        5.81000        99.00000        99.00000        28.79067        28.07538        25.99981        25.85382
        5.82000        99.00000        99.00000        28.84525        28.10930        26.03953        25.88063
        5.83000        99.00000        99.00000        28.89936        28.14457        26.07998        25.90732
        5.84000        99.00000        99.00000        28.95315        28.18019        26.12088        25.93415
        5.85000        99.00000        99.00000        29.00646        28.21604        26.16203        25.96130
        5.86000        99.00000        99.00000        29.05953        28.25265        26.20344        25.98787
        5.87000        99.00000        99.00000        99.00000        28.28939        26.24529        26.01430
        5.88000        99.00000        99.00000        99.00000        28.32659        26.28750        26.04104
        5.89000        99.00000        99.00000        99.00000        28.36413        26.32988        26.06768
        5.90000        99.00000        99.00000        99.00000        28.40207        26.37249        26.09486
        5.91000        99.00000        99.00000        99.00000        28.44072        26.41523        26.12207
        5.92000        99.00000        99.00000        99.00000        28.47971        26.45843        26.14852
        5.93000        99.00000        99.00000        99.00000        28.51930        26.50210        26.17489
        5.94000        99.00000        99.00000        99.00000        28.55907        26.54600        26.20130
        5.95000        99.00000        99.00000        99.00000        28.59904        26.59008        26.22819
        5.96000        99.00000        99.00000        99.00000        28.63892        26.63422        26.25434
        5.97000        99.00000        99.00000        99.00000        28.67901        26.68029        26.28092
        5.98000        99.00000        99.00000        99.00000        28.72012        26.72503        26.30796
        5.99000        99.00000        99.00000        99.00000        28.76185        26.77007        26.33390
        6.00000        99.00000        99.00000        99.00000        28.80306        26.81581        26.36060
        6.01000        99.00000        99.00000        99.00000        28.84424        26.86204        26.38738
        6.02000        99.00000        99.00000        99.00000        28.88554        26.90878        26.41397
        6.03000        99.00000        99.00000        99.00000        28.92638        26.95603        26.44011
        6.04000        99.00000        99.00000        99.00000        28.96710        27.00388        26.46685
        6.05000        99.00000        99.00000        99.00000        29.00752        27.05208        26.49313
        6.06000        99.00000        99.00000        99.00000        29.04724        27.10062        26.51994
        6.07000        99.00000        99.00000        99.00000        29.08668        27.14944        26.54730
        6.08000        99.00000        99.00000        99.00000        29.12608        27.19898        26.57377
        6.09000        99.00000        99.00000        99.00000        29.16570        27.24919        26.59993
        6.10000        99.00000        99.00000        99.00000        29.20590        27.30000        26.62612
        6.11000        99.00000        99.00000        99.00000        29.24680        27.35136        26.65252
        6.12000        99.00000        99.00000        99.00000        29.28673        27.40300        26.67891
        6.13000        99.00000        99.00000        99.00000        29.32671        27.45527        26.70550
        6.14000        99.00000        99.00000        99.00000        29.36780        27.50936        26.73181
        6.15000        99.00000        99.00000        99.00000        29.40969        27.56228        26.75813
        6.16000        99.00000        99.00000        99.00000        29.45145        27.61660        26.78515
        6.17000        99.00000        99.00000        99.00000        29.49317        27.67164        26.81097
        6.18000        99.00000        99.00000        99.00000        29.53494        27.72777        26.83753
        6.19000        99.00000        99.00000        99.00000        29.57639        27.78454        26.86437
        6.20000        99.00000        99.00000        99.00000        29.61770        27.84174        26.89029
        6.21000        99.00000        99.00000        99.00000        29.65885        27.90033        26.91733
        6.22000        99.00000        99.00000        99.00000        29.70005        27.95995        26.94338
        6.23000        99.00000        99.00000        99.00000        29.74130        28.02067        26.97130
        6.24000        99.00000        99.00000        99.00000        29.78287        28.08213        26.99719
        6.25000        99.00000        99.00000        99.00000        29.82431        28.14463        27.02350
        6.26000        99.00000        99.00000        99.00000        29.86591        28.20868        27.05027
        6.27000        99.00000        99.00000        99.00000        29.90760        28.27333        27.07620
        6.28000        99.00000        99.00000        99.00000        29.94987        28.33992        27.10277
        6.29000        99.00000        99.00000        99.00000        29.99157        28.40798        27.12905
        6.30000        99.00000        99.00000        99.00000        30.03393        28.48092        27.15590
        6.31000        99.00000        99.00000        99.00000        30.07746        28.55060        27.18156
        6.32000        99.00000        99.00000        99.00000        30.12204        28.62214        27.20829
        6.33000        99.00000        99.00000        99.00000        30.16567        28.69444        27.23468
        6.34000        99.00000        99.00000        99.00000        30.20938        28.76802        27.26134
        6.35000        99.00000        99.00000        99.00000        30.25324        28.84272        27.28706
        6.36000        99.00000        99.00000        99.00000        30.29652        28.91851        27.31376
        6.37000        99.00000        99.00000        99.00000        30.33919        28.99610        27.33944
        6.38000        99.00000        99.00000        99.00000        30.38181        29.07771        27.36604
        6.39000        99.00000        99.00000        99.00000        30.42430        29.16249        27.39161
        6.40000        99.00000        99.00000        99.00000        30.46697        29.25268        27.41874
        6.41000        99.00000        99.00000        99.00000        30.50946        29.34746        27.44460
        6.42000        99.00000        99.00000        99.00000        30.55224        29.44525        27.47073
        6.43000        99.00000        99.00000        99.00000        30.59500        29.54377        27.49654
        6.44000        99.00000        99.00000        99.00000        30.63877        29.64765        27.52234
        6.45000        99.00000        99.00000        99.00000        30.68130        29.75676        27.54914
        6.46000        99.00000        99.00000        99.00000        30.72419        29.87088        27.57637
        6.47000        99.00000        99.00000        99.00000        30.76625        29.99775        27.60478
        6.48000        99.00000        99.00000        99.00000        30.80430        30.11549        27.63282
        6.49000        99.00000        99.00000        99.00000        30.84025        30.23579        27.66257
        6.50000        99.00000        99.00000        99.00000        30.87849        30.36113        27.69344
        6.51000        99.00000        99.00000        99.00000        30.91742        30.49090        27.72550
        6.52000        99.00000        99.00000        99.00000        30.95671        30.62338        27.75860
        6.53000        99.00000        99.00000        99.00000        30.99796        30.76233        27.79261
        6.54000        99.00000        99.00000        99.00000        31.04115        30.90502        27.82849
        6.55000        99.00000        99.00000        99.00000        31.08591        31.04935        27.86578
        6.56000        99.00000        99.00000        99.00000        31.13199        31.19456        27.90361
        6.57000        99.00000        99.00000        99.00000        31.17900        31.33875        27.94428
        6.58000        99.00000        99.00000        99.00000        31.22658        31.48129        27.98439
        6.59000        99.00000        99.00000        99.00000        31.27448        31.61955        28.02546
        6.60000        99.00000        99.00000        99.00000        31.32302        31.74768        28.06782
        6.61000        99.00000        99.00000        99.00000        31.37227        31.86110        28.11011
        6.62000        99.00000        99.00000        99.00000        31.42273        31.95661        28.15227
        6.63000        99.00000        99.00000        99.00000        31.47323        32.03219        28.19356
        6.64000        99.00000        99.00000        99.00000        31.52481        32.09077        28.23351
        6.65000        99.00000        99.00000        99.00000        31.57773        32.16694        28.27329
        6.66000        99.00000        99.00000        99.00000        31.63195        32.19505        28.31469
        6.67000        99.00000        99.00000        99.00000        31.68682        32.22336        28.35660
        6.68000        99.00000        99.00000        99.00000        31.74224        32.25191        28.39965
        6.69000        99.00000        99.00000        99.00000        31.79858        32.28065        28.44613
        6.70000        99.00000        99.00000        99.00000        31.85562        32.30949        28.49360
        6.71000        99.00000        99.00000        99.00000        31.91324        32.33837        28.53938
        6.72000        99.00000        99.00000        99.00000        31.97145        32.36718        28.58440
        6.73000        99.00000        99.00000        99.00000        32.03035        32.39621        28.62894
        6.74000        99.00000        99.00000        99.00000        32.09019        32.42525        28.67385
        6.75000        99.00000        99.00000        99.00000        32.15093        32.45386        28.72123
        6.76000        99.00000        99.00000        99.00000        32.21250        32.48230        28.76754
        6.77000        99.00000        99.00000        99.00000        32.27491        32.51068        28.81403
        6.78000        99.00000        99.00000        99.00000        32.33815        32.53903        28.86168
        6.79000        99.00000        99.00000        99.00000        32.40213        32.56730        28.90920
        6.80000        99.00000        99.00000        99.00000        32.46766        32.59542        28.95637
        6.81000        99.00000        99.00000        99.00000        32.53278        32.62345        29.00469
        6.82000        99.00000        99.00000        99.00000        32.59909        32.65164        29.05327
        6.83000        99.00000        99.00000        99.00000        32.66695        32.67972        29.10189
        6.84000        99.00000        99.00000        99.00000        32.73625        32.70799        29.15186
        6.85000        99.00000        99.00000        99.00000        32.80622        32.73650        29.20198
        6.86000        99.00000        99.00000        99.00000        32.87686        32.76520        29.25236
        6.87000        99.00000        99.00000        99.00000        32.94834        32.79404        29.30398
        6.88000        99.00000        99.00000        99.00000        33.02039        32.82297        29.35589
        6.89000        99.00000        99.00000        99.00000        33.09302        32.85192        29.40826
        6.90000        99.00000        99.00000        99.00000        33.16625        32.88087        29.46177
        6.91000        99.00000        99.00000        99.00000        33.24001        32.91040        29.51553
        6.92000        99.00000        99.00000        99.00000        33.31401        32.94065        29.57040
        6.93000        99.00000        99.00000        99.00000        33.38794        32.97109        29.62906
        6.94000        99.00000        99.00000        99.00000        33.46209        33.00199        29.68590
        6.95000        99.00000        99.00000        99.00000        33.53656        33.03350        29.74310
        6.96000        99.00000        99.00000        99.00000        33.61150        33.06594        29.80046
        6.97000        99.00000        99.00000        99.00000        33.68695        33.09945        29.85768
        6.98000        99.00000        99.00000        99.00000        33.76405        33.13389        29.91476
        6.99000        99.00000        99.00000        99.00000        33.83763        33.16928        29.97208
        7.00000        99.00000        99.00000        99.00000        33.91103        33.20564        30.03048
