        0.01000        15.03370        15.15948        15.11748        15.34014        15.33157        15.23447
        0.02000        16.44555        16.57372        16.54409        16.75052        16.75766        16.66705
        0.03000        17.23448        17.36465        17.35340        17.53057        17.55976        17.47495
        0.04000        17.76841        17.90080        17.91279        18.04743        18.10649        18.02789
        0.05000        18.16396        18.29777        18.34090        18.41670        18.51357        18.44171
        0.06000        18.47222        18.60717        18.68614        18.69371        18.83242        18.76621
        0.07000        18.72072        18.85633        18.97404        18.91043        19.09083        19.03217
        0.08000        18.92587        19.06298        19.21351        19.08640        19.30568        19.25071
        0.09000        19.09795        19.23549        19.41662        19.23614        19.48489        19.43759
        0.10000        19.24442        19.38444        19.58367        19.36834        19.63893        19.59776
        0.11000        19.37022        19.51443        19.72146        19.48705        19.77113        19.73602
        0.12000        19.47908        19.62933        19.83369        19.59448        19.88635        19.85804
        0.13000        19.57364        19.73267        19.92326        19.69024        19.98664        19.96377
        0.14000        19.65538        19.82588        19.99657        19.78328        20.07449        20.05733
        0.15000        19.72643        19.90944        20.05779        19.86134        20.15217        20.14137
        0.16000        19.78763        19.98475        20.10913        19.93316        20.22067        20.21392
        0.17000        19.84012        20.05030        20.15448        19.99974        20.28096        20.27992
        0.18000        19.88514        20.10739        20.19601        20.05762        20.33360        20.33899
        0.19000        19.92368        20.15643        20.23475        20.10638        20.37817        20.39099
        0.20000        19.95671        20.19797        20.27068        20.15352        20.41524        20.43853
        0.21000        19.98586        20.23321        20.30419        20.20206        20.44125        20.47994
        0.22000        20.01072        20.26295        20.33529        20.24514        20.45555        20.51677
        0.23000        20.03303        20.28826        20.36390        20.29423        20.45897        20.55066
        0.24000        20.05303        20.31089        20.38843        20.34780        20.45036        20.57853
        0.25000        20.07074        20.32844        20.41054        20.40150        20.43179        20.60472
        0.26000        20.08671        20.34422        20.43010        20.45810        20.40951        20.62810
        0.27000        20.10093        20.35833        20.44647        20.51291        20.38628        20.64765
        0.28000        20.11353        20.36896        20.46047        20.56316        20.36517        20.66518
        0.29000        20.12466        20.37839        20.47246        20.60791        20.34890        20.68102
        0.30000        20.13448        20.38668        20.48213        20.64469        20.34032        20.69332
        0.31000        20.14318        20.39224        20.49000        20.67359        20.33627        20.70494
        0.32000        20.15102        20.39700        20.49646        20.69624        20.33690        20.71454
        0.33000        20.15828        20.40110        20.50099        20.71253        20.34298        20.72148
        0.34000        20.16541        20.40272        20.50450        20.72461        20.35233        20.72390
        0.35000        20.17307        20.40384        20.50757        20.73326        20.36393        20.72341
        0.36000        20.18161        20.40464        20.50920        20.73880        20.37892        20.71859
        0.37000        20.19123        20.40267        20.51095        20.74090        20.39760        20.70428
        0.38000        20.20262        20.40032        20.51430        20.73897        20.42091        20.67841
        0.39000        20.21608        20.39675        20.51801        20.73355        20.44942        20.64620
        0.40000        20.23072        20.39198        20.52280        20.72335        20.48252        20.61046
        0.41000        20.24699        20.38594        20.52943        20.70825        20.51804        20.56640
        0.42000        20.26495        20.37875        20.53833        20.68969        20.55774        20.51890
        0.43000        20.28180        20.37070        20.54752        20.66767        20.59812        20.47815
        0.44000        20.29900        20.36155        20.55649        20.64492        20.63475        20.44169
        0.45000        20.31509        20.35191        20.56461        20.62235        20.66834        20.41231
        0.46000        20.32964        20.34240        20.57143        20.60050        20.69581        20.38702
        0.47000        20.34209        20.33195        20.57581        20.58131        20.71630        20.37138
        0.48000        20.35206        20.32202        20.57751        20.56518        20.73203        20.36422
        0.49000        20.36002        20.31237        20.57518        20.55094        20.74219        20.36211
        0.50000        20.36524        20.30317        20.57152        20.54041        20.74511        20.36375
        0.51000        20.36877        20.29444        20.56547        20.53058        20.74681        20.37336
        0.52000        20.37072        20.28619        20.55742        20.52251        20.74692        20.38640
        0.53000        20.37126        20.27863        20.54827        20.51611        20.74487        20.40104
        0.54000        20.37087        20.27083        20.53853        20.51154        20.74199        20.42065
        0.55000        20.36974        20.26366        20.52843        20.50399        20.73873        20.44256
        0.56000        20.36825        20.25674        20.51716        20.49621        20.73570        20.46461
        0.57000        20.36574        20.24998        20.50610        20.49189        20.73024        20.48777
        0.58000        20.36308        20.24328        20.49478        20.48553        20.72563        20.51168
        0.59000        20.36003        20.23671        20.48352        20.47774        20.72012        20.53576
        0.60000        20.35664        20.23078        20.47196        20.46926        20.71384        20.55792
        0.61000        20.35291        20.22385        20.46038        20.45976        20.70579        20.57785
        0.62000        20.34887        20.21754        20.44960        20.45234        20.69674        20.59737
        0.63000        20.34542        20.21133        20.43733        20.44724        20.68468        20.61224
        0.64000        20.33992        20.20546        20.42572        20.44068        20.66925        20.62506
        0.65000        20.33504        20.19915        20.41409        20.43598        20.65063        20.63525
        0.66000        20.32989        20.19321        20.40293        20.43534        20.62849        20.64384
        0.67000        20.32496        20.18737        20.39102        20.43753        20.60181        20.64790
        0.68000        20.31888        20.18176        20.37946        20.44083        20.57206        20.65074
        0.69000        20.31305        20.17599        20.36797        20.44574        20.54042        20.65125
        0.70000        20.30702        20.17046        20.35691        20.45200        20.50779        20.65211
        0.71000        20.30109        20.16504        20.34542        20.45858        20.47522        20.64867
        0.72000        20.29443        20.15985        20.33417        20.46418        20.44382        20.64533
        0.73000        20.28789        20.15457        20.32307        20.46827        20.41460        20.64190
        0.74000        20.28120        20.14948        20.31225        20.47070        20.38826        20.63817
        0.75000        20.27467        20.14451        20.30119        20.47061        20.36585        20.63262
        0.76000        20.26752        20.13977        20.29038        20.46810        20.34627        20.62656
        0.77000        20.26053        20.13494        20.27972        20.46343        20.32940        20.62109
        0.78000        20.25347        20.13029        20.26949        20.45700        20.31533        20.61622
        0.79000        20.24672        20.12577        20.25887        20.44873        20.30377        20.60872
        0.80000        20.23919        20.12149        20.24857        20.43924        20.29440        20.60195
        0.81000        20.23202        20.11700        20.23851        20.42926        20.28752        20.59315
        0.82000        20.22482        20.11279        20.22899        20.41822        20.28098        20.58450
        0.83000        20.21824        20.10863        20.21884        20.40760        20.27650        20.57314
        0.84000        20.21044        20.10490        20.20915        20.39605        20.27358        20.56049
        0.85000        20.20329        20.10068        20.19957        20.38509        20.27372        20.54246
        0.86000        20.19616        20.09695        20.19082        20.37354        20.27515        20.52138
        0.87000        20.18910        20.09339        20.18064        20.36309        20.27917        20.49537
        0.88000        20.18207        20.09059        20.17115        20.35113        20.28559        20.47144
        0.89000        20.17512        20.08694        20.16159        20.34038        20.29329        20.44249
        0.90000        20.16823        20.08430        20.15172        20.32943        20.30245        20.40980
        0.91000        20.16142        20.08218        20.14157        20.31842        20.31309        20.37577
        0.92000        20.15486        20.08057        20.13098        20.30757        20.32639        20.34390
        0.93000        20.14808        20.07958        20.11990        20.29739        20.33718        20.31401
        0.94000        20.14154        20.07899        20.10838        20.28679        20.34699        20.28586
        0.95000        20.13509        20.07917        20.09691        20.27627        20.35572        20.26140
        0.96000        20.12953        20.08001        20.08410        20.26637        20.36267        20.23851
        0.97000        20.12253        20.08189        20.07119        20.25610        20.36746        20.21680
        0.98000        20.11640        20.08318        20.05823        20.24636        20.36941        20.20158
        0.99000        20.11037        20.08512        20.04537        20.23637        20.36949        20.19037
        1.00000        20.10441        20.08712        20.03294        20.22665        20.36729        20.18192
        1.01000        20.09871        20.08916        20.02065        20.21707        20.36390        20.17504
        1.02000        20.09271        20.09125        20.00888        20.20782        20.35645        20.16967
        1.03000        20.08696        20.09270        19.99774        20.19884        20.34968        20.16942
        1.04000        20.08124        20.09379        19.98818        20.18967        20.34229        20.17082
        1.05000        20.07544        20.09433        19.97811        20.18149        20.33419        20.17344
        1.06000        20.06963        20.09541        19.96961        20.17199        20.32596        20.17642
        1.07000        20.06370        20.09391        19.96190        20.16370        20.31665        20.18156
        1.08000        20.05772        20.09294        19.95492        20.15530        20.30787        20.18820
        1.09000        20.05161        20.09161        19.94900        20.14696        20.29902        20.19641
        1.10000        20.04615        20.08989        19.94294        20.13924        20.29013        20.20387
        1.11000        20.03897        20.08850        19.93785        20.13098        20.28148        20.21181
        1.12000        20.03243        20.08551        19.93324        20.12352        20.27273        20.22064
        1.13000        20.02579        20.08303        19.92902        20.11591        20.26424        20.22882
        1.14000        20.01911        20.08048        19.92542        20.10839        20.25596        20.23824
        1.15000        20.01302        20.07786        19.92156        20.10148        20.24758        20.24544
        1.16000        20.00572        20.07571        19.91815        20.09418        20.23941        20.25248
        1.17000        19.99902        20.07251        19.91504        20.08742        20.23111        20.25957
        1.18000        19.99239        20.06981        19.91204        20.08063        20.22313        20.26494
        1.19000        19.98592        20.06713        19.90959        20.07398        20.21533        20.27002
        1.20000        19.98023        20.06448        19.90687        20.06798        20.20771        20.27281
        1.21000        19.97348        20.06237        19.90448        20.06144        20.20012        20.27581
        1.22000        19.96752        20.05928        19.90222        20.05557        20.19239        20.27714
        1.23000        19.96179        20.05671        19.90016        20.04966        20.18532        20.27734
        1.24000        19.95625        20.05419        19.89867        20.04395        20.17805        20.27663
        1.25000        19.95169        20.05172        19.89669        20.03862        20.17074        20.27483
        1.26000        19.94576        20.04990        19.89514        20.03296        20.16434        20.27285
        1.27000        19.94081        20.04690        19.89381        20.02798        20.15727        20.26919
        1.28000        19.93603        20.04451        19.89262        20.02289        20.15053        20.26599
        1.29000        19.93146        20.04220        19.89228        20.01803        20.14425        20.26250
        1.30000        19.92700        20.03995        19.89086        20.01407        20.13779        20.25742
        1.31000        19.92275        20.03866        19.89009        20.00863        20.13215        20.25228
        1.32000        19.91856        20.03570        19.88967        20.00443        20.12560        20.24674
        1.33000        19.91455        20.03348        19.88943        20.00021        20.11960        20.24129
        1.34000        19.91070        20.03143        19.88952        19.99589        20.11408        20.23706
        1.35000        19.90694        20.02944        19.88994        19.99146        20.10826        20.23090
        1.36000        19.90365        20.02751        19.89049        19.98742        20.10301        20.22494
        1.37000        19.89991        20.02596        19.89132        19.98299        20.09754        20.21962
        1.38000        19.89667        20.02382        19.89269        19.97855        20.09251        20.21368
        1.39000        19.89361        20.02206        19.89459        19.97342        20.08744        20.20805
        1.40000        19.89078        20.02038        19.89772        19.96791        20.08273        20.20326
        1.41000        19.88906        20.01873        19.90062        19.96276        20.07798        20.19804
        1.42000        19.88585        20.01793        19.90444        19.95604        20.07377        20.19266
        1.43000        19.88381        20.01570        19.90866        19.94959        20.06908        20.18730
        1.44000        19.88216        20.01413        19.91357        19.94232        20.06469        20.18249
        1.45000        19.88099        20.01269        19.91931        19.93444        20.06075        20.17794
        1.46000        19.88025        20.01127        19.92598        19.92628        20.05680        20.17301
        1.47000        19.88038        20.00989        19.93291        19.91791        20.05265        20.16782
        1.48000        19.88018        20.00895        19.94020        19.90934        20.04933        20.16291
        1.49000        19.88088        20.00714        19.94776        19.90092        20.04573        20.15904
        1.50000        19.88210        20.00573        19.95543        19.89258        20.04215        20.15465
        1.51000        19.88388        20.00433        19.96412        19.88477        20.03908        20.15077
        1.52000        19.88614        20.00288        19.97065        19.87723        20.03595        20.14604
        1.53000        19.88908        20.00141        19.97802        19.87005        20.03376        20.14195
        1.54000        19.89203        20.00020        19.98541        19.86376        20.02995        20.13830
        1.55000        19.89557        19.99838        19.99223        19.85845        20.02744        20.13441
        1.56000        19.89938        19.99680        19.99861        19.85389        20.02494        20.13092
        1.57000        19.90341        19.99520        20.00503        19.85010        20.02238        20.12827
        1.58000        19.90756        19.99360        20.00920        19.84792        20.02001        20.12434
        1.59000        19.91197        19.99199        20.01404        19.84473        20.01878        20.12126
        1.60000        19.91608        19.99063        20.01850        19.84361        20.01607        20.11763
        1.61000        19.92023        19.98881        20.02270        19.84310        20.01430        20.11483
        1.62000        19.92419        19.98729        20.02638        19.84273        20.01256        20.11236
        1.63000        19.92792        19.98584        20.03041        19.84275        20.01076        20.10980
        1.64000        19.93137        19.98448        20.03265        19.84419        20.00927        20.10697
        1.65000        19.93474        19.98325        20.03559        19.84416        20.00877        20.10423
        1.66000        19.93739        19.98241        20.03844        19.84710        20.00689        20.10250
        1.67000        19.93989        19.98119        20.04116        19.85001        20.00591        20.10003
        1.68000        19.94201        19.98040        20.04380        19.85241        20.00505        20.09749
        1.69000        19.94379        19.97978        20.04720        19.85445        20.00435        20.09621
        1.70000        19.94532        19.97934        20.04897        19.85656        20.00372        20.09392
        1.71000        19.94693        19.97909        20.05147        19.85903        20.00316        20.09213
        1.72000        19.94761        19.97941        20.05400        19.86254        20.00291        20.09057
        1.73000        19.94849        19.97918        20.05654        19.86625        20.00257        20.08925
        1.74000        19.94922        19.97950        20.05910        19.86973        20.00250        20.08795
        1.75000        19.94986        19.98002        20.06279        19.87300        20.00246        20.08753
        1.76000        19.95049        19.98071        20.06436        19.87637        20.00245        20.08584
        1.77000        19.95173        19.98157        20.06680        19.88034        20.00241        20.08450
        1.78000        19.95172        19.98319        20.06942        19.88332        20.00273        20.08351
        1.79000        19.95239        19.98380        20.07207        19.88619        20.00237        20.08282
        1.80000        19.95316        19.98501        20.07472        19.88975        20.00236        20.08200
        1.81000        19.95404        19.98643        20.07737        19.89424        20.00220        20.08149
        1.82000        19.95507        19.98798        20.08043        19.89919        20.00158        20.08139
        1.83000        19.95624        19.98964        20.08272        19.90550        20.00063        20.08102
        1.84000        19.95770        19.99141        20.08547        19.91078        19.99985        20.08124
        1.85000        19.95903        19.99354        20.08823        19.91571        19.99703        20.08072
        1.86000        19.96066        19.99522        20.09095        19.92162        19.99465        20.08108
        1.87000        19.96248        19.99726        20.09371        19.92882        19.99184        20.08068
        1.88000        19.96446        19.99940        20.09757        19.93690        19.98863        20.08235
        1.89000        19.96659        20.00161        20.09952        19.94585        19.98467        20.08191
        1.90000        19.96949        20.00392        20.10224        19.95587        19.98009        20.08216
        1.91000        19.97130        20.00700        20.10511        19.96530        19.97524        20.08259
        1.92000        19.97385        20.00890        20.10808        19.97532        19.96925        20.08347
        1.93000        19.97656        20.01131        20.11095        19.98602        19.96368        20.08452
        1.94000        19.97944        20.01393        20.11391        19.99722        19.95798        20.08531
        1.95000        19.98245        20.01663        20.11763        20.00897        19.95235        20.08678
        1.96000        19.98559        20.01941        20.11997        20.02073        19.94667        20.08717
        1.97000        19.98926        20.02226        20.12304        20.03266        19.94124        20.08874
        1.98000        19.99227        20.02570        20.12604        20.04401        19.93656        20.09007
        1.99000        19.99584        20.02823        20.12917        20.05522        19.93215        20.09183
        2.00000        19.99956        20.03122        20.13236        20.06647        19.92829        20.09293
        2.01000        20.00342        20.03436        20.13557        20.07729        19.92502        20.09498
        2.02000        20.00742        20.03756        20.13925        20.08799        19.92255        20.09729
        2.03000        20.01160        20.04082        20.14201        20.09812        19.92124        20.09889
        2.04000        20.01627        20.04416        20.14525        20.10787        19.92061        20.10028
        2.05000        20.02046        20.04806        20.14862        20.11653        19.92080        20.10263
        2.06000        20.02519        20.05109        20.15192        20.12514        19.92157        20.10516
        2.07000        20.03014        20.05455        20.15539        20.13360        19.92323        20.10711
        2.08000        20.03534        20.05815        20.15886        20.14145        19.92520        20.10973
        2.09000        20.04079        20.06178        20.16283        20.14915        19.92792        20.11281
        2.10000        20.04649        20.06547        20.16588        20.15652        19.93163        20.11504
        2.11000        20.05285        20.06923        20.16946        20.16354        19.93557        20.11776
        2.12000        20.05862        20.07357        20.17298        20.16984        19.94057        20.12031
        2.13000        20.06504        20.07694        20.17670        20.17648        19.94572        20.12271
        2.14000        20.07167        20.08072        20.18042        20.18258        19.95139        20.12496
        2.15000        20.07851        20.08461        20.18414        20.18906        19.95785        20.12762
        2.16000        20.08556        20.08854        20.18873        20.19536        19.96426        20.12998
        2.17000        20.09277        20.09249        20.19189        20.20159        19.97104        20.13178
        2.18000        20.10084        20.09647        20.19578        20.20818        19.97869        20.13353
        2.19000        20.10782        20.10126        20.19977        20.21365        19.98688        20.13529
        2.20000        20.11553        20.10475        20.20372        20.21966        19.99527        20.13675
        2.21000        20.12344        20.10867        20.20782        20.22564        20.00444        20.13674
        2.22000        20.13148        20.11282        20.21190        20.23171        20.01410        20.13537
        2.23000        20.13967        20.11702        20.21610        20.23785        20.02453        20.13499
        2.24000        20.14793        20.12126        20.22057        20.24381        20.03516        20.13286
        2.25000        20.15629        20.12556        20.22467        20.25075        20.04703        20.13042
        2.26000        20.16487        20.12994        20.22901        20.25586        20.05980        20.12881
        2.27000        20.17309        20.13474        20.23343        20.26196        20.07205        20.12692
        2.28000        20.18145        20.13889        20.23787        20.26767        20.08464        20.12401
        2.29000        20.18974        20.14340        20.24237        20.27386        20.09810        20.12019
        2.30000        20.19789        20.14805        20.24694        20.27975        20.11150        20.11647
        2.31000        20.20594        20.15275        20.25220        20.28595        20.12593        20.11303
        2.32000        20.21388        20.15758        20.25629        20.29185        20.14023        20.10830
        2.33000        20.22242        20.16247        20.26097        20.29843        20.15542        20.10436
        2.34000        20.22946        20.16829        20.26571        20.30397        20.17087        20.10147
        2.35000        20.23702        20.17289        20.27052        20.31015        20.18546        20.09893
        2.36000        20.24453        20.17798        20.27531        20.31603        20.19962        20.09689
        2.37000        20.25198        20.18343        20.28019        20.32218        20.21391        20.09496
        2.38000        20.25933        20.18905        20.28505        20.32814        20.22768        20.09445
        2.39000        20.26660        20.19482        20.29042        20.33416        20.24175        20.09525
        2.40000        20.27376        20.20074        20.29491        20.34019        20.25510        20.09602
        2.41000        20.28130        20.20682        20.29990        20.34642        20.26786        20.09635
        2.42000        20.28788        20.21364        20.30479        20.35241        20.28104        20.09730
        2.43000        20.29479        20.21955        20.30965        20.35834        20.29224        20.10003
        2.44000        20.30168        20.22595        20.31452        20.36444        20.30388        20.10349
        2.45000        20.30847        20.23268        20.31933        20.37040        20.31497        20.10865
        2.46000        20.31521        20.23963        20.32417        20.37647        20.32575        20.11484
        2.47000        20.32190        20.24676        20.32921        20.38266        20.33634        20.12056
        2.48000        20.32856        20.25410        20.33346        20.38977        20.34603        20.12748
        2.49000        20.33561        20.26164        20.33806        20.39486        20.35563        20.13445
        2.50000        20.34185        20.26996        20.34253        20.40083        20.36523        20.14131
        2.51000        20.34847        20.27740        20.34696        20.40690        20.37342        20.14951
        2.52000        20.35515        20.28535        20.35131        20.41302        20.38232        20.15861
        2.53000        20.36184        20.29362        20.35563        20.41912        20.39102        20.16879
        2.54000        20.36870        20.30210        20.35991        20.42511        20.39931        20.17893
        2.55000        20.37605        20.31073        20.36453        20.43137        20.40799        20.18971
        2.56000        20.38365        20.31952        20.36833        20.43749        20.41640        20.20114
        2.57000        20.39200        20.32850        20.37241        20.44383        20.42437        20.21209
        2.58000        20.39988        20.33837        20.37650        20.44974        20.43323        20.22322
        2.59000        20.40853        20.34703        20.38060        20.45604        20.44087        20.23486
        2.60000        20.41767        20.35612        20.38467        20.46225        20.44873        20.24743
        2.61000        20.42741        20.36549        20.38893        20.46836        20.45689        20.26068
        2.62000        20.43771        20.37489        20.39318        20.47472        20.46514        20.27327
        2.63000        20.44866        20.38432        20.39812        20.48078        20.47316        20.28805
        2.64000        20.46039        20.39380        20.40209        20.48698        20.48107        20.30106
        2.65000        20.47357        20.40328        20.40665        20.49372        20.48935        20.31438
        2.66000        20.48610        20.41392        20.41134        20.49969        20.49831        20.32745
        2.67000        20.50000        20.42272        20.41609        20.50589        20.50555        20.34123
        2.68000        20.51471        20.43187        20.42106        20.51223        20.51339        20.35504
        2.69000        20.53008        20.44131        20.42615        20.51864        20.52163        20.36930
        2.70000        20.54623        20.45076        20.43139        20.52511        20.52982        20.38283
        2.71000        20.56309        20.46017        20.43771        20.53136        20.53781        20.39833
        2.72000        20.58046        20.46955        20.44255        20.53780        20.54574        20.41175
        2.73000        20.59837        20.47890        20.44813        20.54510        20.55388        20.42538
        2.74000        20.61731        20.48819        20.45396        20.55078        20.56204        20.43852
        2.75000        20.63612        20.49825        20.46004        20.55726        20.57055        20.45220
        2.76000        20.65577        20.50694        20.46616        20.56368        20.57810        20.46605
        2.77000        20.67598        20.51597        20.47248        20.57032        20.58606        20.47959
        2.78000        20.69675        20.52521        20.47895        20.57684        20.59411        20.49262
        2.79000        20.71804        20.53445        20.48540        20.58345        20.60230        20.50564
        2.80000        20.73976        20.54370        20.49267        20.59015        20.61042        20.51945
        2.81000        20.76198        20.55296        20.49882        20.59671        20.61842        20.53229
        2.82000        20.78582        20.56225        20.50546        20.60390        20.62621        20.54429
        2.83000        20.80819        20.57156        20.51237        20.61009        20.63520        20.55663
        2.84000        20.83173        20.58148        20.51939        20.61682        20.64245        20.56862
        2.85000        20.85603        20.59044        20.52637        20.62365        20.65033        20.58069
        2.86000        20.88087        20.59975        20.53346        20.63067        20.65830        20.59224
        2.87000        20.90624        20.60926        20.54062        20.63741        20.66631        20.60388
        2.88000        20.93213        20.61885        20.54776        20.64419        20.67428        20.61564
        2.89000        20.95852        20.62853        20.55550        20.65105        20.68206        20.62755
        2.90000        20.98549        20.63829        20.56229        20.65802        20.68999        20.63823
        2.91000        21.01417        20.64813        20.56956        20.66534        20.69783        20.64878
        2.92000        21.04134        20.65805        20.57693        20.67195        20.70678        20.65934
        2.93000        21.06984        20.66857        20.58425        20.67901        20.71405        20.66999
        2.94000        21.09916        20.67828        20.59160        20.68614        20.72177        20.67975
        2.95000        21.12909        20.68835        20.59905        20.69341        20.72966        20.69028
        2.96000        21.15970        20.69863        20.60650        20.70049        20.73760        20.70043
        2.97000        21.19099        20.70901        20.61396        20.70758        20.74546        20.71073
        2.98000        21.22301        20.71949        20.62203        20.71472        20.75335        20.72211
        2.99000        21.25584        20.73008        20.62907        20.72191        20.76110        20.73163
        3.00000        21.29113        20.74076        20.63654        20.72973        20.76886        20.74068
        3.01000        21.32454        20.75155        20.64412        20.73653        20.77771        20.75008
        3.02000        21.35979        20.76303        20.65172        20.74389        20.78479        20.75978
        3.03000        21.39648        20.77359        20.65937        20.75128        20.79233        20.76949
        3.04000        21.43436        20.78453        20.66703        20.75862        20.80012        20.77895
        3.05000        21.47355        20.79574        20.67471        20.76604        20.80797        20.78838
        3.06000        21.51410        20.80705        20.68242        20.77354        20.81584        20.79782
        3.07000        21.55613        20.81845        20.69092        20.78105        20.82372        20.80854
        3.08000        99.00000        20.82994        20.69811        20.78859        20.83158        20.81772
        3.09000        99.00000        20.84151        20.70571        20.79705        20.83941        20.82692
        3.10000        99.00000        20.85316        20.71350        20.80392        20.84722        20.83622
        3.11000        99.00000        20.86573        20.72131        20.81139        20.85554        20.84548
        3.12000        99.00000        20.87697        20.72916        20.81910        20.86291        20.85477
        3.13000        99.00000        20.88855        20.73703        20.82684        20.87069        20.86404
        3.14000        99.00000        20.90044        20.74493        20.83458        20.87853        20.87328
        3.15000        99.00000        20.91243        20.75286        20.84232        20.88636        20.88243
        3.16000        99.00000        20.92448        20.76083        20.85009        20.89420        20.89279
        3.17000        99.00000        20.93661        20.76924        20.85787        20.90202        20.90163
        3.18000        99.00000        20.94881        20.77686        20.86569        20.90985        20.91051
        3.19000        99.00000        20.96108        20.78482        20.87401        20.91765        20.91943
        3.20000        99.00000        20.97342        20.79286        20.88139        20.92637        20.92842
        3.21000        99.00000        20.98643        20.80093        20.88933        20.93353        20.93754
        3.22000        99.00000        20.99848        20.80903        20.89729        20.94120        20.94703
        3.23000        99.00000        21.01087        20.81718        20.90525        20.94915        20.95625
        3.24000        99.00000        21.02350        20.82538        20.91318        20.95705        20.96512
        3.25000        99.00000        21.03620        20.83366        20.92102        20.96497        20.97405
        3.26000        99.00000        21.04897        20.84291        20.92876        20.97293        20.98462
        3.27000        99.00000        21.06184        20.85070        20.93665        20.98100        20.99367
        3.28000        99.00000        21.07485        20.85889        20.94454        20.98900        21.00225
        3.29000        99.00000        21.08805        20.86736        20.95271        20.99693        21.01093
        3.30000        99.00000        21.10265        20.87587        20.96025        21.00573        21.02004
        3.31000        99.00000        21.11558        20.88440        20.96799        21.01303        21.02889
        3.32000        99.00000        21.12898        20.89300        20.97555        21.02090        21.03795
        3.33000        99.00000        21.14290        20.90173        20.98315        21.02888        21.04774
        3.34000        99.00000        21.15729        20.91054        20.99060        21.03686        21.05619
        3.35000        99.00000        21.17204        20.91938        20.99783        21.04486        21.06538
        3.36000        99.00000        21.18712        20.92919        21.00522        21.05300        21.07532
        3.37000        99.00000        21.20259        20.93774        21.01240        21.06110        21.08382
        3.38000        99.00000        21.21842        20.94670        21.01954        21.06940        21.09302
        3.39000        99.00000        21.23465        20.95594        21.02694        21.07752        21.10134
        3.40000        99.00000        21.25257        20.96520        21.03365        21.08649        21.11033
        3.41000        99.00000        21.26882        20.97455        21.04036        21.09399        21.11891
        3.42000        99.00000        21.28563        20.98414        21.04711        21.10194        21.12873
        3.43000        99.00000        21.30303        20.99384        21.05367        21.11002        21.13702
        3.44000        99.00000        21.32082        21.00366        21.06037        21.11834        21.14621
        3.45000        99.00000        21.33883        21.01381        21.06676        21.12661        21.15496
        3.46000        99.00000        21.35705        21.02531        21.07321        21.13505        21.16502
        3.47000        99.00000        21.37549        21.03533        21.07965        21.14338        21.17320
        3.48000        99.00000        21.39415        21.04590        21.08586        21.15160        21.18165
        3.49000        99.00000        21.41302        21.05710        21.09255        21.15982        21.19091
        3.50000        99.00000        21.43211        21.06843        21.09840        21.16898        21.19952
        3.51000        99.00000        21.45223        21.07999        21.10470        21.17674        21.20816
        3.52000        99.00000        21.47116        21.09182        21.11111        21.18508        21.21738
        3.53000        99.00000        21.49058        21.10389        21.11766        21.19352        21.22580
        3.54000        99.00000        21.51045        21.11609        21.12399        21.20187        21.23468
        3.55000        99.00000        21.53052        21.12859        21.13050        21.21017        21.24346
        3.56000        99.00000        21.55069        21.14118        21.13723        21.21864        21.25256
        3.57000        99.00000        21.57090        21.15471        21.14396        21.22721        21.26244
        3.58000        99.00000        21.59113        21.16723        21.15089        21.23578        21.27043
        3.59000        99.00000        21.61139        21.18028        21.15847        21.24430        21.27876
        3.60000        99.00000        21.63159        21.19386        21.16485        21.25271        21.28790
        3.61000        99.00000        21.65313        21.20750        21.17191        21.26181        21.29660
        3.62000        99.00000        21.67242        21.22136        21.17926        21.27011        21.30570
        3.63000        99.00000        21.69201        21.23540        21.18688        21.27872        21.31407
        3.64000        99.00000        21.71189        21.24942        21.19436        21.28725        21.32301
        3.65000        99.00000        21.73196        21.26349        21.20199        21.29571        21.33168
        3.66000        99.00000        21.75209        21.27744        21.21001        21.30444        21.34024
        3.67000        99.00000        21.77232        21.29280        21.21804        21.31333        21.35031
        3.68000        99.00000        21.79266        21.30591        21.22620        21.32199        21.35838
        3.69000        99.00000        21.81309        21.31952        21.23431        21.33062        21.36733
        3.70000        99.00000        21.83360        21.33338        21.24323        21.33930        21.37583
        3.71000        99.00000        21.85420        21.34749        21.25118        21.34832        21.38469
        3.72000        99.00000        21.87568        21.36163        21.25984        21.35748        21.39309
        3.73000        99.00000        21.89604        21.37589        21.26864        21.36581        21.40228
        3.74000        99.00000        21.91669        21.39003        21.27768        21.37457        21.41091
        3.75000        99.00000        21.93763        21.40436        21.28660        21.38364        21.41993
        3.76000        99.00000        21.95874        21.41869        21.29557        21.39249        21.42845
        3.77000        99.00000        21.97996        21.43311        21.30433        21.40120        21.43739
        3.78000        99.00000        22.00125        21.44863        21.31333        21.41015        21.44709
        3.79000        99.00000        22.02264        21.46246        21.32235        21.41925        21.45562
        3.80000        99.00000        22.04416        21.47665        21.33129        21.42817        21.46453
        3.81000        99.00000        22.06575        21.49119        21.34089        21.43695        21.47316
        3.82000        99.00000        22.08744        21.50585        21.34958        21.44620        21.48216
        3.83000        99.00000        22.11010        21.52062        21.35917        21.45556        21.49041
        3.84000        99.00000        22.13156        21.53550        21.36891        21.46406        21.49948
        3.85000        99.00000        22.15333        21.55030        21.37874        21.47310        21.50845
        3.86000        99.00000        22.17542        21.56535        21.38857        21.48239        21.51719
        3.87000        99.00000        22.19776        21.58040        21.39792        21.49133        21.52666
        3.88000        99.00000        22.22022        21.59544        21.40736        21.50034        21.53510
        3.89000        99.00000        22.24282        21.61070        21.41664        21.50962        21.54500
        3.90000        99.00000        22.26561        21.62647        21.42587        21.51871        21.55365
        3.91000        99.00000        22.28851        21.64135        21.43521        21.52768        21.56247
        3.92000        99.00000        22.31154        21.65674        21.44523        21.53704        21.57125
        3.93000        99.00000        22.33478        21.67223        21.45404        21.54615        21.57977
        3.94000        99.00000        22.35920        21.68782        21.46341        21.55569        21.58905
        3.95000        99.00000        22.38217        21.70347        21.47306        21.56468        21.59807
        3.96000        99.00000        22.40554        21.71922        21.48261        21.57372        21.60674
        3.97000        99.00000        22.42928        21.73505        21.49223        21.58276        21.61625
        3.98000        99.00000        22.45332        21.75098        21.50179        21.59220        21.62511
        3.99000        99.00000        22.47757        21.76701        21.51128        21.60139        21.63404
        4.00000        99.00000        22.50199        21.78308        21.52084        21.61045        21.64321
        4.01000        99.00000        22.52658        21.80013        21.53037        21.61982        21.65282
        4.02000        99.00000        22.55142        21.81587        21.53988        21.62894        21.66192
        4.03000        99.00000        22.57642        21.83196        21.55059        21.63793        21.67044
        4.04000        99.00000        22.60162        21.84850        21.55961        21.64728        21.67941
        4.05000        99.00000        22.62705        21.86510        21.56885        21.65705        21.68869
        4.06000        99.00000        22.65351        21.88163        21.57803        21.66551        21.69769
        4.07000        99.00000        22.67883        21.89843        21.58745        21.67437        21.70659
        4.08000        99.00000        22.70460        21.91528        21.59661        21.68310        21.71579
        4.09000        99.00000        22.73079        21.93217        21.60621        21.69234        21.72520
        4.10000        99.00000        22.75731        21.94925        21.61592        21.70118        21.73428
        4.11000        99.00000        22.78401        21.96635        21.62586        21.70989        21.74330
        4.12000        99.00000        22.81095        21.98367        21.63589        21.71885        21.75329
        4.13000        99.00000        22.83816        22.00167        21.64585        21.72729        21.76242
        4.14000        99.00000        22.86556        22.01848        21.65607        21.73592        21.77174
        4.15000        99.00000        22.89327        22.03577        21.66718        21.74434        21.78001
        4.16000        99.00000        22.92122        22.05333        21.67704        21.75240        21.78955
        4.17000        99.00000        22.95113        22.07113        21.68734        21.76148        21.79859
        4.18000        99.00000        22.97881        22.08906        21.69738        21.76881        21.80791
        4.19000        99.00000        23.00700        22.10694        21.70774        21.77670        21.81752
        4.20000        99.00000        23.03577        22.12508        21.71821        21.78456        21.82631
        4.21000        99.00000        23.06506        22.14330        21.72887        21.79214        21.83572
        4.22000        99.00000        23.09471        22.16173        21.73973        21.79998        21.84486
        4.23000        99.00000        23.12471        22.18024        21.75045        21.80724        21.85440
        4.24000        99.00000        23.15496        22.20039        21.76168        21.81491        21.86479
        4.25000        99.00000        99.00000        22.21834        21.77281        21.82207        21.87399
        4.26000        99.00000        99.00000        22.23663        21.78403        21.82918        21.88309
        4.27000        99.00000        99.00000        22.25550        21.79625        21.83636        21.89165
        4.28000        99.00000        99.00000        22.27464        21.80710        21.84313        21.90126
        4.29000        99.00000        99.00000        22.29396        21.81844        21.85105        21.91062
        4.30000        99.00000        99.00000        22.31340        21.82973        21.85709        21.91994
        4.31000        99.00000        99.00000        22.33301        21.84132        21.86397        21.92932
        4.32000        99.00000        99.00000        22.35293        21.85271        21.87062        21.93883
        4.33000        99.00000        99.00000        22.37290        21.86430        21.87762        21.94850
        4.34000        99.00000        99.00000        22.39326        21.87584        21.88433        21.95816
        4.35000        99.00000        99.00000        22.41380        21.88740        21.89109        21.96726
        4.36000        99.00000        99.00000        22.43472        21.89904        21.89806        21.97746
        4.37000        99.00000        99.00000        22.45683        21.91064        21.90478        21.98670
        4.38000        99.00000        99.00000        22.47772        21.92223        21.91186        21.99582
        4.39000        99.00000        99.00000        22.49933        21.93481        21.91872        22.00544
        4.40000        99.00000        99.00000        22.52157        21.94556        21.92609        22.01485
        4.41000        99.00000        99.00000        22.54414        21.95641        21.93392        22.02436
        4.42000        99.00000        99.00000        22.56707        21.96777        21.94096        22.03373
        4.43000        99.00000        99.00000        22.59036        21.97874        21.94772        22.04335
        4.44000        99.00000        99.00000        22.61407        21.98994        21.95543        22.05278
        4.45000        99.00000        99.00000        22.63817        22.00065        21.96274        22.06238
        4.46000        99.00000        99.00000        22.66272        22.01171        21.97071        22.07196
        4.47000        99.00000        99.00000        22.68776        22.02228        21.97833        22.08151
        4.48000        99.00000        99.00000        22.71326        22.03303        21.98648        22.09121
        4.49000        99.00000        99.00000        22.74090        22.04339        21.99438        22.10163
        4.50000        99.00000        99.00000        22.76662        22.05393        22.00284        22.11099
        4.51000        99.00000        99.00000        22.79322        22.06404        22.01106        22.12046
        4.52000        99.00000        99.00000        22.82075        22.07508        22.01978        22.12987
        4.53000        99.00000        99.00000        22.84898        22.08433        22.02827        22.13946
        4.54000        99.00000        99.00000        22.87764        22.09420        22.03797        22.14895
        4.55000        99.00000        99.00000        22.90665        22.10410        22.04621        22.15858
        4.56000        99.00000        99.00000        22.93575        22.11450        22.05532        22.16823
        4.57000        99.00000        99.00000        22.96496        22.12464        22.06415        22.17804
        4.58000        99.00000        99.00000        22.99398        22.13540        22.07366        22.18752
        4.59000        99.00000        99.00000        23.02259        22.14618        22.08275        22.19767
        4.60000        99.00000        99.00000        23.05086        22.15767        22.09236        22.20685
        4.61000        99.00000        99.00000        23.07860        22.16927        22.10160        22.21677
        4.62000        99.00000        99.00000        23.10707        22.18134        22.11128        22.22689
        4.63000        99.00000        99.00000        23.13083        22.19325        22.12076        22.23640
        4.64000        99.00000        99.00000        23.15501        22.20563        22.13064        22.24566
        4.65000        99.00000        99.00000        23.17929        22.21918        22.14032        22.25563
        4.66000        99.00000        99.00000        23.20350        22.23226        22.15031        22.26534
        4.67000        99.00000        99.00000        23.22714        22.24630        22.16094        22.27499
        4.68000        99.00000        99.00000        23.25033        22.26106        22.17046        22.28443
        4.69000        99.00000        99.00000        23.27261        22.27644        22.18059        22.29366
        4.70000        99.00000        99.00000        23.29426        22.29214        22.19061        22.30292
        4.71000        99.00000        99.00000        23.31505        22.30889        22.20125        22.31223
        4.72000        99.00000        99.00000        23.33500        22.32581        22.21147        22.32194
        4.73000        99.00000        99.00000        23.35404        22.34345        22.22206        22.33063
        4.74000        99.00000        99.00000        23.37220        22.36146        22.23241        22.33970
        4.75000        99.00000        99.00000        23.39220        22.38006        22.24305        22.34986
        4.76000        99.00000        99.00000        23.40803        22.39916        22.25364        22.35901
        4.77000        99.00000        99.00000        23.42404        22.41858        22.26421        22.36751
        4.78000        99.00000        99.00000        23.44011        22.43914        22.27509        22.37619
        4.79000        99.00000        99.00000        23.45614        22.45836        22.28571        22.38530
        4.80000        99.00000        99.00000        23.47215        22.47824        22.29757        22.39388
        4.81000        99.00000        99.00000        23.48806        22.49825        22.30796        22.40273
        4.82000        99.00000        99.00000        23.50407        22.51853        22.31901        22.41178
        4.83000        99.00000        99.00000        23.51996        22.53895        22.33028        22.42008
        4.84000        99.00000        99.00000        23.53593        22.55935        22.34134        22.42772
        4.85000        99.00000        99.00000        23.55186        22.58022        22.35303        22.43558
        4.86000        99.00000        99.00000        23.56775        22.60083        22.36426        22.44358
        4.87000        99.00000        99.00000        23.58373        22.62129        22.37600        22.45114
        4.88000        99.00000        99.00000        23.60032        22.64142        22.38760        22.46009
        4.89000        99.00000        99.00000        23.61595        22.66146        22.39918        22.46684
        4.90000        99.00000        99.00000        23.63171        22.68202        22.41119        22.47383
        4.91000        99.00000        99.00000        23.64751        22.70430        22.42291        22.48101
        4.92000        99.00000        99.00000        23.66344        22.72455        22.43514        22.48813
        4.93000        99.00000        99.00000        23.67928        22.74506        22.44731        22.49621
        4.94000        99.00000        99.00000        23.69528        22.76609        22.45975        22.50336
        4.95000        99.00000        99.00000        23.71139        22.78788        22.47189        22.51081
        4.96000        99.00000        99.00000        23.72762        22.80934        22.48365        22.51801
        4.97000        99.00000        99.00000        23.74413        22.83108        22.49602        22.52551
        4.98000        99.00000        99.00000        23.76078        22.85319        22.50827        22.53221
        4.99000        99.00000        99.00000        23.77770        22.87536        22.52017        22.53919
        5.00000        99.00000        99.00000        23.79501        22.89815        22.53259        22.54590
        5.01000        99.00000        99.00000        23.81266        22.92086        22.54475        22.55331
        5.02000        99.00000        99.00000        23.83134        22.94398        22.55706        22.56087
        5.03000        99.00000        99.00000        23.84952        22.96741        22.56958        22.56745
        5.04000        99.00000        99.00000        23.86813        22.99094        22.58162        22.57424
        5.05000        99.00000        99.00000        23.88735        23.01577        22.59408        22.58151
        5.06000        99.00000        99.00000        23.90688        23.03902        22.60643        22.58824
        5.07000        99.00000        99.00000        23.92673        23.06291        22.61959        22.59558
        5.08000        99.00000        99.00000        23.94700        23.08749        22.63141        22.60256
        5.09000        99.00000        99.00000        23.96764        23.11289        22.64321        22.61063
        5.10000        99.00000        99.00000        23.98870        23.13814        22.65480        22.61799
        5.11000        99.00000        99.00000        24.01015        23.16381        22.66695        22.62532
        5.12000        99.00000        99.00000        24.03200        23.18935        22.67877        22.63375
        5.13000        99.00000        99.00000        24.05441        23.21496        22.69036        22.64142
        5.14000        99.00000        99.00000        24.07723        23.24108        22.70227        22.64964
        5.15000        99.00000        99.00000        24.10045        23.26683        22.71376        22.65830
        5.16000        99.00000        99.00000        24.12488        23.29308        22.72528        22.66726
        5.17000        99.00000        99.00000        24.14885        23.31981        22.73700        22.67555
        5.18000        99.00000        99.00000        24.17325        23.34635        22.74811        22.68448
        5.19000        99.00000        99.00000        24.19832        23.37509        22.75932        22.69288
        5.20000        99.00000        99.00000        24.22384        23.40160        22.77069        22.70160
        5.21000        99.00000        99.00000        24.24982        23.42811        22.78152        22.71045
        5.22000        99.00000        99.00000        24.27632        23.45017        22.79295        22.71898
        5.23000        99.00000        99.00000        24.30306        23.46759        22.80356        22.72789
        5.24000        99.00000        99.00000        24.33013        23.48767        22.81408        22.73746
        5.25000        99.00000        99.00000        24.35763        23.50798        22.82461        22.74667
        5.26000        99.00000        99.00000        24.38532        23.52993        22.83542        22.75632
        5.27000        99.00000        99.00000        24.41323        23.55456        22.84603        22.76674
        5.28000        99.00000        99.00000        24.44139        23.58134        22.85634        22.77644
        5.29000        99.00000        99.00000        24.46970        23.60973        22.86703        22.78607
        5.30000        99.00000        99.00000        24.49920        23.63883        22.87746        22.79754
        5.31000        99.00000        99.00000        24.52753        23.66848        22.88757        22.80764
        5.32000        99.00000        99.00000        24.55638        23.69876        22.89798        22.81777
        5.33000        99.00000        99.00000        24.58549        23.72946        22.90816        22.82780
        5.34000        99.00000        99.00000        24.61483        23.76167        22.91804        22.83826
        5.35000        99.00000        99.00000        24.64452        23.79224        22.92814        22.84903
        5.36000        99.00000        99.00000        24.67420        23.82397        22.93911        22.85907
        5.37000        99.00000        99.00000        24.70405        23.85651        22.94836        22.86979
        5.38000        99.00000        99.00000        24.73425        23.88959        22.95783        22.88021
        5.39000        99.00000        99.00000        24.76454        23.92327        22.96783        22.89080
        5.40000        99.00000        99.00000        24.79520        23.95740        22.97772        22.90236
        5.41000        99.00000        99.00000        24.82607        23.99182        22.98736        22.91364
        5.42000        99.00000        99.00000        24.85731        24.02679        22.99723        22.92502
        5.43000        99.00000        99.00000        24.88877        24.06240        23.00711        22.93552
        5.44000        99.00000        99.00000        24.92048        24.09834        23.01663        22.94698
        5.45000        99.00000        99.00000        24.95361        24.13493        23.02621        22.95913
        5.46000        99.00000        99.00000        24.98554        24.17248        23.03603        22.96993
        5.47000        99.00000        99.00000        25.01806        24.21064        23.04563        22.98166
        5.48000        99.00000        99.00000        25.05092        24.25268        23.05491        22.99288
        5.49000        99.00000        99.00000        25.08436        24.29073        23.06443        23.00441
        5.50000        99.00000        99.00000        25.11777        24.33072        23.07396        23.01549
        5.51000        99.00000        99.00000        25.15145        24.37234        23.08390        23.02731
        5.52000        99.00000        99.00000        25.18550        24.41536        23.09256        23.03856
        5.53000        99.00000        99.00000        25.21990        24.45972        23.10173        23.05042
        5.54000        99.00000        99.00000        25.25460        24.50549        23.11102        23.06153
        5.55000        99.00000        99.00000        25.28958        24.55205        23.11998        23.07346
        5.56000        99.00000        99.00000        25.32512        24.59976        23.12897        23.08519
        5.57000        99.00000        99.00000        25.36098        24.64908        23.13821        23.09702
        5.58000        99.00000        99.00000        25.39740        24.69991        23.14745        23.10840
        5.59000        99.00000        99.00000        25.43415        24.75135        23.15680        23.12033
        5.60000        99.00000        99.00000        25.47300        24.80356        23.16649        23.13303
        5.61000        99.00000        99.00000        25.51031        24.85666        23.17677        23.14449
        5.62000        99.00000        99.00000        25.54840        24.90949        23.18737        23.15607
        5.63000        99.00000        99.00000        25.58707        24.96103        23.19847        23.16796
        5.64000        99.00000        99.00000        25.62657        25.01453        23.21023        23.17945
        5.65000        99.00000        99.00000        25.66642        25.06233        23.22295        23.19120
        5.66000        99.00000        99.00000        25.70675        25.10994        23.23700        23.20264
        5.67000        99.00000        99.00000        25.74726        25.15624        23.25023        23.21460
        5.68000        99.00000        99.00000        25.78824        25.20058        23.26416        23.22618
        5.69000        99.00000        99.00000        25.82948        25.24320        23.27917        23.23823
        5.70000        99.00000        99.00000        25.87077        25.28458        23.29498        23.24924
        5.71000        99.00000        99.00000        25.91206        25.32388        23.31155        23.26123
        5.72000        99.00000        99.00000        25.95335        25.36177        23.32888        23.27263
        5.73000        99.00000        99.00000        25.99486        25.39735        23.34708        23.28413
        5.74000        99.00000        99.00000        26.03591        25.42989        23.36566        23.29558
        5.75000        99.00000        99.00000        26.07710        25.46083        23.38537        23.30829
        5.76000        99.00000        99.00000        26.11838        25.48881        23.40600        23.31968
        5.77000        99.00000        99.00000        26.15654        25.51375        23.42753        23.33103
        5.78000        99.00000        99.00000        26.19541        25.53644        23.44994        23.34255
        5.79000        99.00000        99.00000        26.23453        25.56413        23.47303        23.35353
        5.80000        99.00000        99.00000        26.27371        25.58035        23.49673        23.36506
        5.81000        99.00000        99.00000        26.31283        25.59754        23.52198        23.37599
        5.82000        99.00000        99.00000        26.35192        25.61598        23.54620        23.38731
        5.83000        99.00000        99.00000        26.39051        25.63572        23.57113        23.39847
        5.84000        99.00000        99.00000        26.42875        25.65579        23.59648        23.40975
        5.85000        99.00000        99.00000        26.46647        25.67605        23.62204        23.42131
        5.86000        99.00000        99.00000        26.50392        25.69704        23.64784        23.43226
        5.87000        99.00000        99.00000        99.00000        25.71813        23.67404        23.44304
        5.88000        99.00000        99.00000        99.00000        25.73965        23.70056        23.45410
        5.89000        99.00000        99.00000        99.00000        25.76148        23.72723        23.46503
        5.90000        99.00000        99.00000        99.00000        25.78368        23.75409        23.47647
        5.91000        99.00000        99.00000        99.00000        25.80655        23.78106        23.48790
        5.92000        99.00000        99.00000        99.00000        25.82973        23.80845        23.49854
        5.93000        99.00000        99.00000        99.00000        25.85348        23.83628        23.50907
        5.94000        99.00000        99.00000        99.00000        25.87738        23.86431        23.51961
        5.95000        99.00000        99.00000        99.00000        25.90145        23.89249        23.53060
        5.96000        99.00000        99.00000        99.00000        25.92539        23.92069        23.54081
        5.97000        99.00000        99.00000        99.00000        25.94952        23.95080        23.55142
        5.98000        99.00000        99.00000        99.00000        25.97462        23.97953        23.56247
        5.99000        99.00000        99.00000        99.00000        26.00032        24.00855        23.57238
        6.00000        99.00000        99.00000        99.00000        26.02547        24.03823        23.58301
        6.01000        99.00000        99.00000        99.00000        26.05056        24.06836        23.59370
        6.02000        99.00000        99.00000        99.00000        26.07574        24.09898        23.60416
        6.03000        99.00000        99.00000        99.00000        26.10042        24.13007        23.61415
        6.04000        99.00000        99.00000        99.00000        26.12495        24.16173        23.62470
        6.05000        99.00000        99.00000        99.00000        26.14915        24.19371        23.63476
        6.06000        99.00000        99.00000        99.00000        26.17261        24.22600        23.64531
        6.07000        99.00000        99.00000        99.00000        26.19577        24.25853        23.65639
        6.08000        99.00000        99.00000        99.00000        26.21885        24.29176        23.66655
        6.09000        99.00000        99.00000        99.00000        26.24212        24.32562        23.67636
        6.10000        99.00000        99.00000        99.00000        26.26595        24.36004        23.68617
        6.11000        99.00000        99.00000        99.00000        26.29044        24.39499        23.69615
        6.12000        99.00000        99.00000        99.00000        26.31392        24.43019        23.70609
        6.13000        99.00000        99.00000        99.00000        26.33742        24.46598        23.71622
        6.14000        99.00000        99.00000        99.00000        26.36200        24.50356        23.72601
        6.15000        99.00000        99.00000        99.00000        26.38736        24.53994        23.73580
        6.16000        99.00000        99.00000        99.00000        26.41254        24.57769        23.74625
        6.17000        99.00000        99.00000        99.00000        26.43766        24.61613        23.75545
        6.18000        99.00000        99.00000        99.00000        26.46279        24.65563        23.76539
        6.19000        99.00000        99.00000        99.00000        26.48757        24.69572        23.77555
        6.20000        99.00000        99.00000        99.00000        26.51219        24.73622        23.78477
        6.21000        99.00000        99.00000        99.00000        26.53660        24.77809        23.79508
        6.22000        99.00000        99.00000        99.00000        26.56103        24.82094        23.80437
        6.23000        99.00000        99.00000        99.00000        26.58549        24.86486        23.81549
        6.24000        99.00000        99.00000        99.00000        26.61023        24.90949        23.82455
        6.25000        99.00000        99.00000        99.00000        26.63481        24.95513        23.83400
        6.26000        99.00000        99.00000        99.00000        26.65951        25.00228        23.84388
        6.27000        99.00000        99.00000        99.00000        26.68428        25.05001        23.85288
        6.28000        99.00000        99.00000        99.00000        26.70959        25.09964        23.86250
        6.29000        99.00000        99.00000        99.00000        26.73431        25.15071        23.87178
        6.30000        99.00000        99.00000        99.00000        26.75964        25.20664        23.88162
        6.31000        99.00000        99.00000        99.00000        26.78612        25.25926        23.89022
        6.32000        99.00000        99.00000        99.00000        26.81361        25.31371        23.89987
        6.33000        99.00000        99.00000        99.00000        26.84012        25.36890        23.90914
        6.34000        99.00000        99.00000        99.00000        26.86668        25.42532        23.91865
        6.35000        99.00000        99.00000        99.00000        26.89336        25.48284        23.92718
        6.36000        99.00000        99.00000        99.00000        26.91942        25.54141        23.93667
        6.37000        99.00000        99.00000        99.00000        26.94485        25.60176        23.94510
        6.38000        99.00000        99.00000        99.00000        26.97019        25.66609        23.95442
        6.39000        99.00000        99.00000        99.00000        26.99537        25.73356        23.96267
        6.40000        99.00000        99.00000        99.00000        27.02069        25.80640        23.97246
        6.41000        99.00000        99.00000        99.00000        27.04580        25.88381        23.98094
        6.42000        99.00000        99.00000        99.00000        27.07117        25.96418        23.98967
        6.43000        99.00000        99.00000        99.00000        27.09649        26.04526        23.99803
        6.44000        99.00000        99.00000        99.00000        27.12279        26.13167        24.00636
        6.45000        99.00000        99.00000        99.00000        27.14781        26.22327        24.01565
        6.46000        99.00000        99.00000        99.00000        27.17316        26.31985        24.02534
        6.47000        99.00000        99.00000        99.00000        27.19765        26.42915        24.03618
        6.48000        99.00000        99.00000        99.00000        27.21809        26.52929        24.04662
        6.49000        99.00000        99.00000        99.00000        27.23641        26.63195        24.05873
        6.50000        99.00000        99.00000        99.00000        27.25698        26.73962        24.07192
        6.51000        99.00000        99.00000        99.00000        27.27821        26.85169        24.08628
        6.52000        99.00000        99.00000        99.00000        27.29976        26.96643        24.10165
        6.53000        99.00000        99.00000        99.00000        27.32324        27.08762        24.11789
        6.54000        99.00000        99.00000        99.00000        27.34864        27.21250        24.13598
        6.55000        99.00000        99.00000        99.00000        27.37556        27.33901        24.15543
        6.56000        99.00000        99.00000        99.00000        27.40378        27.46634        24.17540
        6.57000        99.00000        99.00000        99.00000        27.43289        27.59264        24.19817
        6.58000        99.00000        99.00000        99.00000        27.46254        27.71725        24.22035
        6.59000        99.00000        99.00000        99.00000        27.49248        27.83754        24.24345
        6.60000        99.00000        99.00000        99.00000        27.52303        27.94768        24.26782
        6.61000        99.00000        99.00000        99.00000        27.55425        28.04307        24.29208
        6.62000        99.00000        99.00000        99.00000        27.58664        28.12052        24.31618
        6.63000        99.00000        99.00000        99.00000        27.61905        28.17801        24.33938
        6.64000        99.00000        99.00000        99.00000        27.65250        28.21846        24.36120
        6.65000        99.00000        99.00000        99.00000        27.68726        28.27647        24.38282
        6.66000        99.00000        99.00000        99.00000        27.72329        28.28639        24.40603
        6.67000        99.00000        99.00000        99.00000        27.75993        28.29647        24.42971
        6.68000        99.00000        99.00000        99.00000        27.79709        28.30676        24.45451
        6.69000        99.00000        99.00000        99.00000        27.83515        28.31721        24.48269
        6.70000        99.00000        99.00000        99.00000        27.87386        28.32773        24.51184
        6.71000        99.00000        99.00000        99.00000        27.91313        28.33825        24.53927
        6.72000        99.00000        99.00000        99.00000        27.95294        28.34868        24.56589
        6.73000        99.00000        99.00000        99.00000        27.99342        28.35928        24.59201
        6.74000        99.00000        99.00000        99.00000        28.03481        28.36987        24.61846
        6.75000        99.00000        99.00000        99.00000        28.07706        28.37998        24.64735
        6.76000        99.00000        99.00000        99.00000        28.12011        28.38991        24.67515
        6.77000        99.00000        99.00000        99.00000        28.16397        28.39973        24.70308
        6.78000        99.00000        99.00000        99.00000        28.20861        28.40950        24.73214
        6.79000        99.00000        99.00000        99.00000        28.25398        28.41914        24.76105
        6.80000        99.00000        99.00000        99.00000        28.30085        28.42861        24.78957
        6.81000        99.00000        99.00000        99.00000        28.34728        28.43796        24.81919
        6.82000        99.00000        99.00000        99.00000        28.39487        28.44743        24.84905
        6.83000        99.00000        99.00000        99.00000        28.44398        28.45676        24.87892
        6.84000        99.00000        99.00000        99.00000        28.49450        28.46624        24.91011
        6.85000        99.00000        99.00000        99.00000        28.54565        28.47593        24.94141
        6.86000        99.00000        99.00000        99.00000        28.59744        28.48578        24.97294
        6.87000        99.00000        99.00000        99.00000        28.65004        28.49573        25.00567
        6.88000        99.00000        99.00000        99.00000        28.70317        28.50575        25.03867
        6.89000        99.00000        99.00000        99.00000        28.75684        28.51575        25.07209
        6.90000        99.00000        99.00000        99.00000        28.81109        28.52571        25.10662
        6.91000        99.00000        99.00000        99.00000        28.86584        28.53623        25.14136
        6.92000        99.00000        99.00000        99.00000        28.92078        28.54743        25.17718
        6.93000        99.00000        99.00000        99.00000        28.97564        28.55879        25.21675
        6.94000        99.00000        99.00000        99.00000        29.03067        28.57057        25.25448
        6.95000        99.00000        99.00000        99.00000        29.08599        28.58293        25.29253
        6.96000        99.00000        99.00000        99.00000        29.14174        28.59618        25.33071
        6.97000        99.00000        99.00000        99.00000        29.19798        28.61048        25.36871
        6.98000        99.00000        99.00000        99.00000        29.25583        28.62567        25.40654
        6.99000        99.00000        99.00000        99.00000        29.31013        28.64178        25.44458
        7.00000        99.00000        99.00000        99.00000        29.36422        28.65882        25.48367
