        0.01000        15.05017        15.17595        15.13394        15.35661        15.34803        15.25094
        0.02000        16.46187        16.59003        16.56040        16.76684        16.77398        16.68337
        0.03000        17.25064        17.38081        17.36957        17.54674        17.57592        17.49111
        0.04000        17.78441        17.91680        17.92879        18.06343        18.12249        18.04389
        0.05000        18.17978        18.31359        18.35672        18.43253        18.52939        18.45753
        0.06000        18.48786        18.62281        18.70178        18.70935        18.84805        18.78184
        0.07000        18.73616        18.87177        18.98948        18.92587        19.10628        19.04761
        0.08000        18.94111        19.07822        19.22875        19.10164        19.32092        19.26595
        0.09000        19.11297        19.25052        19.43165        19.25117        19.49992        19.45262
        0.10000        19.25923        19.39925        19.59847        19.38315        19.65374        19.61257
        0.11000        19.38479        19.52901        19.73604        19.50163        19.78571        19.75060
        0.12000        19.49342        19.64366        19.84803        19.60881        19.90069        19.87237
        0.13000        19.58773        19.74676        19.93735        19.70433        20.00073        19.97786
        0.14000        19.66921        19.83972        20.01040        19.79711        20.08832        20.07117
        0.15000        19.74000        19.92301        20.07136        19.87491        20.16574        20.15494
        0.16000        19.80092        19.99804        20.12242        19.94645        20.23396        20.22722
        0.17000        19.85313        20.06331        20.16749        20.01276        20.29397        20.29294
        0.18000        19.89787        20.12011        20.20874        20.07035        20.34633        20.35172
        0.19000        19.93611        20.16886        20.24717        20.11881        20.39060        20.40341
        0.20000        19.96883        20.21009        20.28281        20.16564        20.42737        20.45066
        0.21000        19.99767        20.24501        20.31600        20.21387        20.45306        20.49175
        0.22000        20.02220        20.27443        20.34678        20.25663        20.46704        20.52826
        0.23000        20.04419        20.29942        20.37506        20.30539        20.47013        20.56182
        0.24000        20.06385        20.32171        20.39925        20.35862        20.46119        20.58936
        0.25000        20.08121        20.33891        20.42102        20.41198        20.44227        20.61519
        0.26000        20.09684        20.35434        20.44022        20.46822        20.41964        20.63823
        0.27000        20.11069        20.36809        20.45624        20.52268        20.39605        20.65742
        0.28000        20.12293        20.37836        20.46987        20.57256        20.37457        20.67458
        0.29000        20.13368        20.38741        20.48148        20.61694        20.35793        20.69005
        0.30000        20.14313        20.39533        20.49077        20.65333        20.34896        20.70196
        0.31000        20.15144        20.40050        20.49825        20.68184        20.34453        20.71320
        0.32000        20.15888        20.40487        20.50432        20.70410        20.34476        20.72240
        0.33000        20.16574        20.40856        20.50845        20.71999        20.35044        20.72894
        0.34000        20.17247        20.40977        20.51155        20.73166        20.35938        20.73095
        0.35000        20.17971        20.41047        20.51421        20.73990        20.37057        20.73005
        0.36000        20.18782        20.41085        20.51542        20.74501        20.38514        20.72480
        0.37000        20.19702        20.40846        20.51674        20.74669        20.40339        20.71006
        0.38000        20.20797        20.40567        20.51965        20.74432        20.42626        20.68376
        0.39000        20.22099        20.40166        20.52292        20.73846        20.45433        20.65111
        0.40000        20.23518        20.39644        20.52726        20.72781        20.48698        20.61492
        0.41000        20.25100        20.38994        20.53344        20.71226        20.52204        20.57040
        0.42000        20.26849        20.38230        20.54188        20.69324        20.56129        20.52245
        0.43000        20.28488        20.37378        20.55060        20.67076        20.60120        20.48123
        0.44000        20.30161        20.36415        20.55909        20.64753        20.63736        20.44430
        0.45000        20.31722        20.35404        20.56674        20.62448        20.67047        20.41444
        0.46000        20.33128        20.34405        20.57308        20.60215        20.69746        20.38867
        0.47000        20.34324        20.33310        20.57697        20.58247        20.71746        20.37254
        0.48000        20.35272        20.32268        20.57817        20.56584        20.73269        20.36488
        0.49000        20.36018        20.31253        20.57533        20.55110        20.74235        20.36227
        0.50000        20.36490        20.30282        20.57117        20.54006        20.74476        20.36340
        0.51000        20.36791        20.29358        20.56461        20.52972        20.74595        20.37250
        0.52000        20.36934        20.28481        20.55604        20.52114        20.74554        20.38502
        0.53000        20.36936        20.27673        20.54637        20.51421        20.74297        20.39914
        0.54000        20.36844        20.26840        20.53610        20.50911        20.73956        20.41822
        0.55000        20.36677        20.26070        20.52546        20.50103        20.73577        20.43959
        0.56000        20.36475        20.25324        20.51366        20.49270        20.73220        20.46111
        0.57000        20.36169        20.24593        20.50205        20.48784        20.72619        20.48373
        0.58000        20.35848        20.23868        20.49018        20.48093        20.72103        20.50708
        0.59000        20.35488        20.23155        20.47837        20.47259        20.71497        20.53061
        0.60000        20.35093        20.22507        20.46625        20.46355        20.70813        20.55221
        0.61000        20.34663        20.21757        20.45410        20.45349        20.69951        20.57158
        0.62000        20.34202        20.21070        20.44276        20.44550        20.68989        20.59053
        0.63000        20.33800        20.20391        20.42991        20.43983        20.67727        20.60482
        0.64000        20.33193        20.19746        20.41772        20.43269        20.66125        20.61707
        0.65000        20.32646        20.19058        20.40551        20.42740        20.64205        20.62667
        0.66000        20.32073        20.18405        20.39377        20.42617        20.61932        20.63468
        0.67000        20.31520        20.17761        20.38126        20.42777        20.59206        20.63815
        0.68000        20.30852        20.17141        20.36911        20.43047        20.56171        20.64039
        0.69000        20.30209        20.16504        20.35702        20.43478        20.52947        20.64030
        0.70000        20.29546        20.15890        20.34535        20.44044        20.49623        20.64055
        0.71000        20.28892        20.15287        20.33325        20.44642        20.46305        20.63650
        0.72000        20.28165        20.14706        20.32139        20.45139        20.43103        20.63255
        0.73000        20.27449        20.14117        20.30967        20.45487        20.40121        20.62850
        0.74000        20.26718        20.13546        20.29823        20.45668        20.37424        20.62415
        0.75000        20.26003        20.12986        20.28654        20.45597        20.35121        20.61798
        0.76000        20.25225        20.12449        20.27510        20.45282        20.33099        20.61129
        0.77000        20.24462        20.11903        20.26381        20.44752        20.31349        20.60518
        0.78000        20.23693        20.11375        20.25295        20.44045        20.29878        20.59967
        0.79000        20.22954        20.10859        20.24169        20.43155        20.28659        20.59153
        0.80000        20.22136        20.10366        20.23074        20.42141        20.27657        20.58412
        0.81000        20.21354        20.09853        20.22003        20.41078        20.26904        20.57467
        0.82000        20.20569        20.09366        20.20986        20.39909        20.26185        20.56537
        0.83000        20.19845        20.08885        20.19906        20.38781        20.25671        20.55335
        0.84000        20.18999        20.08445        20.18871        20.37560        20.25313        20.54004
        0.85000        20.18218        20.07958        20.17846        20.36399        20.25261        20.52135
        0.86000        20.17439        20.07518        20.16904        20.35177        20.25338        20.49961
        0.87000        20.16666        20.07095        20.15819        20.34065        20.25673        20.47293
        0.88000        20.15896        20.06748        20.14803        20.32802        20.26248        20.44833
        0.89000        20.15133        20.06316        20.13780        20.31659        20.26950        20.41870
        0.90000        20.14377        20.05983        20.12725        20.30497        20.27798        20.38533
        0.91000        20.13627        20.05704        20.11642        20.29327        20.28794        20.35063
        0.92000        20.12903        20.05474        20.10515        20.28174        20.30056        20.31807
        0.93000        20.12156        20.05306        20.09338        20.27087        20.31066        20.28749
        0.94000        20.11432        20.05178        20.08117        20.25957        20.31978        20.25865
        0.95000        20.10719        20.05126        20.06900        20.24836        20.32782        20.23350
        0.96000        20.10092        20.05141        20.05550        20.23777        20.33407        20.20991
        0.97000        20.09323        20.05259        20.04189        20.22679        20.33816        20.18750
        0.98000        20.08639        20.05317        20.02822        20.21635        20.33941        20.17158
        0.99000        20.07966        20.05441        20.01466        20.20566        20.33879        20.15966
        1.00000        20.07299        20.05570        20.00152        20.19524        20.33587        20.15051
        1.01000        20.06658        20.05703        19.98852        20.18494        20.33177        20.14291
        1.02000        20.05987        20.05841        19.97604        20.17498        20.32361        20.13683
        1.03000        20.05341        20.05914        19.96419        20.16528        20.31613        20.13586
        1.04000        20.04696        20.05951        19.95390        20.15540        20.30802        20.13655
        1.05000        20.04045        20.05933        19.94311        20.14650        20.29919        20.13844
        1.06000        20.03391        20.05969        19.93389        20.13627        20.29024        20.14071
        1.07000        20.02726        20.05747        19.92546        20.12725        20.28021        20.14511
        1.08000        20.02054        20.05577        19.91775        20.11813        20.27069        20.15103
        1.09000        20.01371        20.05371        19.91110        20.10906        20.26112        20.15851
        1.10000        20.00751        20.05125        19.90430        20.10060        20.25150        20.16524
        1.11000        19.99960        20.04913        19.89848        20.09161        20.24211        20.17244
        1.12000        19.99233        20.04540        19.89314        20.08341        20.23263        20.18054
        1.13000        19.98495        20.04218        19.88817        20.07507        20.22339        20.18797
        1.14000        19.97753        20.03889        19.88383        20.06680        20.21437        20.19665
        1.15000        19.97069        20.03553        19.87923        20.05915        20.20525        20.20311
        1.16000        19.96264        20.03263        19.87507        20.05110        20.19633        20.20941
        1.17000        19.95520        20.02869        19.87122        20.04360        20.18728        20.21574
        1.18000        19.94781        20.02524        19.86747        20.03606        20.17856        20.22036
        1.19000        19.94059        20.02181        19.86427        20.02866        20.17001        20.22469
        1.20000        19.93415        20.01840        19.86080        20.02191        20.16163        20.22673
        1.21000        19.92665        20.01554        19.85764        20.01461        20.15329        20.22898
        1.22000        19.91993        20.01169        19.85463        20.00798        20.14480        20.22955
        1.23000        19.91344        20.00836        19.85181        20.00131        20.13697        20.22900
        1.24000        19.90714        20.00508        19.84956        19.99484        20.12894        20.22752
        1.25000        19.90182        20.00184        19.84682        19.98875        20.12087        20.22496
        1.26000        19.89512        19.99927        19.84450        19.98232        20.11371        20.22222
        1.27000        19.88941        19.99550        19.84240        19.97658        20.10587        20.21778
        1.28000        19.88386        19.99234        19.84045        19.97072        20.09837        20.21382
        1.29000        19.87852        19.98926        19.83935        19.96510        20.09131        20.20956
        1.30000        19.87329        19.98625        19.83715        19.96036        20.08408        20.20372
        1.31000        19.86827        19.98418        19.83561        19.95415        20.07767        20.19780
        1.32000        19.86331        19.98045        19.83441        19.94918        20.07035        20.19148
        1.33000        19.85852        19.97745        19.83340        19.94418        20.06358        20.18526
        1.34000        19.85389        19.97463        19.83272        19.93908        20.05728        20.18026
        1.35000        19.84936        19.97186        19.83236        19.93388        20.05068        20.17332
        1.36000        19.84529        19.96915        19.83213        19.92906        20.04465        20.16658
        1.37000        19.84077        19.96682        19.83218        19.92384        20.03839        20.16048
        1.38000        19.83674        19.96390        19.83276        19.91863        20.03259        20.15376
        1.39000        19.83290        19.96136        19.83388        19.91271        20.02673        20.14734
        1.40000        19.82929        19.95889        19.83623        19.90642        20.02124        20.14177
        1.41000        19.82679        19.95645        19.83835        19.90048        20.01570        20.13576
        1.42000        19.82278        19.95487        19.84137        19.89298        20.01071        20.12960
        1.43000        19.81996        19.95185        19.84481        19.88574        20.00523        20.12345
        1.44000        19.81752        19.94949        19.84893        19.87768        20.00005        20.11785
        1.45000        19.81556        19.94726        19.85388        19.86901        19.99532        20.11251
        1.46000        19.81402        19.94505        19.85975        19.86006        19.99058        20.10679
        1.47000        19.81337        19.94288        19.86590        19.85090        19.98564        20.10080
        1.48000        19.81238        19.94114        19.87239        19.84154        19.98152        20.09510
        1.49000        19.81228        19.93853        19.87916        19.83232        19.97713        20.09044
        1.50000        19.81271        19.93634        19.88604        19.82318        19.97275        20.08526
        1.51000        19.81369        19.93413        19.89393        19.81458        19.96889        20.08057
        1.52000        19.81515        19.93189        19.89966        19.80624        19.96496        20.07505
        1.53000        19.81729        19.92962        19.90623        19.79826        19.96197        20.07016
        1.54000        19.81944        19.92762        19.91282        19.79117        19.95736        20.06571
        1.55000        19.82218        19.92500        19.91884        19.78507        19.95405        20.06102
        1.56000        19.82519        19.92261        19.92442        19.77970        19.95075        20.05673
        1.57000        19.82842        19.92021        19.93005        19.77511        19.94739        20.05328
        1.58000        19.83177        19.91781        19.93341        19.77213        19.94422        20.04855
        1.59000        19.83537        19.91539        19.93745        19.76814        19.94218        20.04466
        1.60000        19.83868        19.91323        19.94110        19.76621        19.93867        20.04023
        1.61000        19.84202        19.91061        19.94450        19.76490        19.93609        20.03662
        1.62000        19.84518        19.90828        19.94737        19.76372        19.93355        20.03335
        1.63000        19.84811        19.90603        19.95060        19.76294        19.93095        20.02999
        1.64000        19.85075        19.90386        19.95203        19.76357        19.92864        20.02635
        1.65000        19.85331        19.90182        19.95416        19.76273        19.92734        20.02281
        1.66000        19.85516        19.90017        19.95620        19.76486        19.92465        20.02027
        1.67000        19.85685        19.89815        19.95812        19.76697        19.92286        20.01698
        1.68000        19.85816        19.89655        19.95995        19.76856        19.92120        20.01364
        1.69000        19.85913        19.89512        19.96254        19.76979        19.91969        20.01155
        1.70000        19.85984        19.89387        19.96350        19.77109        19.91825        20.00845
        1.71000        19.86064        19.89281        19.96519        19.77275        19.91688        20.00584
        1.72000        19.86052        19.89231        19.96690        19.77545        19.91582        20.00348
        1.73000        19.86059        19.89127        19.96864        19.77835        19.91466        20.00134
        1.74000        19.86051        19.89078        19.97039        19.78101        19.91378        19.99923
        1.75000        19.86033        19.89049        19.97326        19.78347        19.91294        19.99801
        1.76000        19.86015        19.89037        19.97402        19.78603        19.91211        19.99550
        1.77000        19.86057        19.89041        19.97565        19.78918        19.91125        19.99334
        1.78000        19.85976        19.89122        19.97745        19.79135        19.91076        19.99154
        1.79000        19.85960        19.89102        19.97929        19.79341        19.90959        19.99004
        1.80000        19.85956        19.89141        19.98113        19.79615        19.90877        19.98841
        1.81000        19.85963        19.89202        19.98296        19.79983        19.90779        19.98708
        1.82000        19.85984        19.89276        19.98520        19.80397        19.90635        19.98617
        1.83000        19.86020        19.89361        19.98668        19.80946        19.90459        19.98498
        1.84000        19.86085        19.89456        19.98861        19.81393        19.90300        19.98439
        1.85000        19.86136        19.89588        19.99056        19.81804        19.89936        19.98305
        1.86000        19.86218        19.89674        19.99247        19.82314        19.89616        19.98259
        1.87000        19.86318        19.89796        19.99441        19.82952        19.89254        19.98138
        1.88000        19.86434        19.89928        19.99745        19.83678        19.88851        19.98224
        1.89000        19.86566        19.90068        19.99859        19.84491        19.88374        19.98098
        1.90000        19.86774        19.90217        20.00049        19.85412        19.87834        19.98041
        1.91000        19.86874        19.90444        20.00255        19.86274        19.87268        19.98002
        1.92000        19.87047        19.90552        20.00470        19.87194        19.86587        19.98009
        1.93000        19.87237        19.90712        20.00675        19.88182        19.85948        19.98032
        1.94000        19.87443        19.90892        20.00889        19.89221        19.85296        19.98030
        1.95000        19.87662        19.91079        20.01180        19.90314        19.84652        19.98095
        1.96000        19.87894        19.91276        20.01332        19.91408        19.84002        19.98052
        1.97000        19.88180        19.91479        20.01558        19.92519        19.83378        19.98127
        1.98000        19.88399        19.91742        20.01776        19.93572        19.82828        19.98179
        1.99000        19.88674        19.91913        20.02007        19.94612        19.82305        19.98273
        2.00000        19.88964        19.92131        20.02244        19.95656        19.81838        19.98302
        2.01000        19.89269        19.92363        20.02484        19.96656        19.81428        19.98425
        2.02000        19.89587        19.92601        20.02770        19.97644        19.81100        19.98574
        2.03000        19.89924        19.92845        20.02964        19.98576        19.80887        19.98652
        2.04000        19.90309        19.93098        20.03207        19.99469        19.80742        19.98709
        2.05000        19.90646        19.93406        20.03462        20.00253        19.80680        19.98863
        2.06000        19.91037        19.93627        20.03710        20.01032        19.80675        19.99034
        2.07000        19.91451        19.93892        20.03975        20.01796        19.80760        19.99148
        2.08000        19.91889        19.94170        20.04241        20.02500        19.80875        19.99328
        2.09000        19.92352        19.94452        20.04557        20.03188        19.81066        19.99554
        2.10000        19.92841        19.94739        20.04779        20.03844        19.81355        19.99695
        2.11000        19.93395        19.95033        20.05056        20.04464        19.81668        19.99886
        2.12000        19.93890        19.95386        20.05327        20.05013        19.82085        20.00060
        2.13000        19.94451        19.95641        20.05617        20.05595        19.82519        20.00218
        2.14000        19.95032        19.95937        20.05908        20.06123        19.83004        20.00362
        2.15000        19.95635        19.96244        20.06198        20.06690        19.83569        20.00546
        2.16000        19.96258        19.96556        20.06575        20.07239        19.84128        20.00701
        2.17000        19.96898        19.96870        20.06810        20.07780        19.84725        20.00799
        2.18000        19.97623        19.97187        20.07118        20.08357        19.85408        20.00893
        2.19000        19.98240        19.97584        20.07435        20.08823        19.86146        20.00987
        2.20000        19.98930        19.97851        20.07748        20.09343        19.86904        20.01052
        2.21000        19.99639        19.98163        20.08077        20.09859        19.87739        20.00969
        2.22000        20.00362        19.98496        20.08404        20.10385        19.88624        20.00751
        2.23000        20.01100        19.98834        20.08743        20.10917        19.89586        20.00632
        2.24000        20.01844        19.99178        20.09108        20.11433        19.90568        20.00337
        2.25000        20.02599        19.99526        20.09437        20.12045        19.91673        20.00012
        2.26000        20.03375        19.99882        20.09790        20.12474        19.92869        19.99770
        2.27000        20.04116        20.00281        20.10150        20.13003        19.94013        19.99500
        2.28000        20.04871        20.00615        20.10514        20.13494        19.95191        19.99127
        2.29000        20.05619        20.00985        20.10883        20.14032        19.96455        19.98664
        2.30000        20.06353        20.01369        20.11258        20.14539        19.97714        19.98211
        2.31000        20.07077        20.01758        20.11703        20.15078        19.99076        19.97786
        2.32000        20.07790        20.02160        20.12031        20.15587        20.00425        19.97232
        2.33000        20.08562        20.02568        20.12418        20.16164        20.01863        19.96757
        2.34000        20.09186        20.03069        20.12811        20.16637        20.03327        19.96387
        2.35000        20.09861        20.03448        20.13211        20.17174        20.04705        19.96053
        2.36000        20.10531        20.03876        20.13609        20.17682        20.06040        19.95767
        2.37000        20.11196        20.04341        20.14017        20.18216        20.07388        19.95493
        2.38000        20.11850        20.04821        20.14421        20.18731        20.08684        19.95361
        2.39000        20.12496        20.05318        20.14878        20.19252        20.10011        19.95361
        2.40000        20.13132        20.05829        20.15247        20.19774        20.11265        19.95357
        2.41000        20.13805        20.06356        20.15664        20.20317        20.12460        19.95309
        2.42000        20.14382        20.06958        20.16073        20.20834        20.13698        19.95324
        2.43000        20.14993        20.07468        20.16478        20.21347        20.14737        19.95517
        2.44000        20.15600        20.08028        20.16885        20.21877        20.15821        19.95782
        2.45000        20.16199        20.08621        20.17285        20.22392        20.16849        19.96217
        2.46000        20.16793        20.09235        20.17689        20.22919        20.17847        19.96756
        2.47000        20.17381        20.09868        20.18113        20.23457        20.18826        19.97247
        2.48000        20.17967        20.10521        20.18457        20.24088        20.19714        19.97859
        2.49000        20.18592        20.11195        20.18837        20.24517        20.20594        19.98476
        2.50000        20.19135        20.11946        20.19204        20.25034        20.21474        19.99082
        2.51000        20.19718        20.12611        20.19566        20.25560        20.22213        19.99822
        2.52000        20.20305        20.13326        20.19922        20.26092        20.23023        20.00652
        2.53000        20.20895        20.14073        20.20274        20.26622        20.23812        20.01589
        2.54000        20.21501        20.14841        20.20621        20.27141        20.24561        20.02523
        2.55000        20.22156        20.15624        20.21004        20.27688        20.25350        20.03521
        2.56000        20.22836        20.16423        20.21304        20.28220        20.26110        20.04584
        2.57000        20.23590        20.17241        20.21632        20.28774        20.26828        20.05600
        2.58000        20.24299        20.18148        20.21961        20.29285        20.27635        20.06633
        2.59000        20.25085        20.18934        20.22292        20.29836        20.28319        20.07717
        2.60000        20.25919        20.19764        20.22619        20.30377        20.29025        20.08894
        2.61000        20.26814        20.20622        20.22966        20.30909        20.29761        20.10140
        2.62000        20.27764        20.21481        20.23311        20.31465        20.30507        20.11320
        2.63000        20.28779        20.22345        20.23725        20.31991        20.31229        20.12718
        2.64000        20.29873        20.23213        20.24043        20.32531        20.31941        20.13940
        2.65000        20.31112        20.24083        20.24420        20.33126        20.32690        20.15192
        2.66000        20.32285        20.25067        20.24810        20.33645        20.33506        20.16420
        2.67000        20.33596        20.25868        20.25205        20.34185        20.34151        20.17719
        2.68000        20.34988        20.26704        20.25623        20.34740        20.34856        20.19021
        2.69000        20.36446        20.27569        20.26053        20.35301        20.35601        20.20368
        2.70000        20.37982        20.28435        20.26498        20.35870        20.36341        20.21642
        2.71000        20.39589        20.29297        20.27051        20.36416        20.37061        20.23113
        2.72000        20.41247        20.30156        20.27456        20.36981        20.37775        20.24376
        2.73000        20.42959        20.31012        20.27935        20.37632        20.38510        20.25660
        2.74000        20.44775        20.31862        20.28440        20.38121        20.39248        20.26896
        2.75000        20.46576        20.32790        20.28969        20.38691        20.40020        20.28185
        2.76000        20.48464        20.33581        20.29502        20.39254        20.40697        20.29492
        2.77000        20.50406        20.34405        20.30056        20.39839        20.41414        20.30767
        2.78000        20.52405        20.35251        20.30624        20.40414        20.42141        20.31991
        2.79000        20.54455        20.36096        20.31191        20.40996        20.42881        20.33215
        2.80000        20.56549        20.36942        20.31840        20.41588        20.43614        20.34518
        2.81000        20.58693        20.37790        20.32376        20.42165        20.44337        20.35723
        2.82000        20.60999        20.38641        20.32962        20.42806        20.45037        20.36845
        2.83000        20.63157        20.39494        20.33575        20.43347        20.45858        20.38001
        2.84000        20.65433        20.40408        20.34199        20.43942        20.46505        20.39122
        2.85000        20.67785        20.41226        20.34819        20.44547        20.47215        20.40251
        2.86000        20.70192        20.42079        20.35450        20.45171        20.47934        20.41328
        2.87000        20.72650        20.42952        20.36088        20.45768        20.48658        20.42414
        2.88000        20.75162        20.43834        20.36724        20.46368        20.49377        20.43513
        2.89000        20.77723        20.44724        20.37421        20.46976        20.50077        20.44626
        2.90000        20.80342        20.45622        20.38022        20.47595        20.50792        20.45616
        2.91000        20.83133        20.46529        20.38672        20.48249        20.51499        20.46594
        2.92000        20.85772        20.47444        20.39331        20.48833        20.52317        20.47572
        2.93000        20.88545        20.48418        20.39986        20.49462        20.52966        20.48560
        2.94000        20.91399        20.49311        20.40644        20.50097        20.53660        20.49458
        2.95000        20.94316        20.50241        20.41311        20.50748        20.54373        20.50434
        2.96000        20.97299        20.51192        20.41979        20.51378        20.55090        20.51373
        2.97000        21.00352        20.52153        20.42649        20.52010        20.55799        20.52325
        2.98000        21.03477        20.53125        20.43379        20.52648        20.56510        20.53386
        2.99000        21.06683        20.54107        20.44006        20.53289        20.57208        20.54262
        3.00000        21.10135        20.55098        20.44675        20.53995        20.57907        20.55090
        3.01000        21.13399        20.56099        20.45357        20.54598        20.58716        20.55953
        3.02000        21.16847        20.57172        20.46041        20.55258        20.59347        20.56846
        3.03000        21.20440        20.58151        20.46729        20.55920        20.60025        20.57740
        3.04000        21.24151        20.59168        20.47418        20.56578        20.60727        20.58610
        3.05000        21.27993        20.60213        20.48110        20.57243        20.61436        20.59477
        3.06000        21.31973        20.61267        20.48804        20.57916        20.62147        20.60344
        3.07000        21.36099        20.62331        20.49579        20.58591        20.62858        20.61340
        3.08000        99.00000        20.63404        20.50221        20.59269        20.63568        20.62182
        3.09000        99.00000        20.64485        20.50905        20.60039        20.64275        20.63026
        3.10000        99.00000        20.65574        20.51608        20.60650        20.64980        20.63879
        3.11000        99.00000        20.66755        20.52313        20.61321        20.65736        20.64730
        3.12000        99.00000        20.67803        20.53022        20.62017        20.66398        20.65583
        3.13000        99.00000        20.68886        20.53733        20.62715        20.67099        20.66434
        3.14000        99.00000        20.69999        20.54448        20.63413        20.67808        20.67283
        3.15000        99.00000        20.71122        20.55165        20.64111        20.68515        20.68122
        3.16000        99.00000        20.72252        20.55886        20.64812        20.69224        20.69083
        3.17000        99.00000        20.73389        20.56652        20.65515        20.69931        20.69891
        3.18000        99.00000        20.74534        20.57339        20.66222        20.70638        20.70704
        3.19000        99.00000        20.75686        20.58060        20.66978        20.71342        20.71521
        3.20000        99.00000        20.76844        20.58789        20.67641        20.72139        20.72345
        3.21000        99.00000        20.78071        20.59520        20.68360        20.72780        20.73182
        3.22000        99.00000        20.79201        20.60256        20.69081        20.73472        20.74055
        3.23000        99.00000        20.80365        20.60995        20.69803        20.74193        20.74903
        3.24000        99.00000        20.81552        20.61741        20.70520        20.74908        20.75714
        3.25000        99.00000        20.82748        20.62493        20.71230        20.75625        20.76533
        3.26000        99.00000        20.83951        20.63344        20.71929        20.76347        20.77515
        3.27000        99.00000        20.85162        20.64049        20.72644        20.77079        20.78346
        3.28000        99.00000        20.86389        20.64793        20.73358        20.77804        20.79129
        3.29000        99.00000        20.87635        20.65566        20.74101        20.78523        20.79922
        3.30000        99.00000        20.89020        20.66342        20.74780        20.79328        20.80760
        3.31000        99.00000        20.90239        20.67121        20.75480        20.79984        20.81570
        3.32000        99.00000        20.91505        20.67907        20.76162        20.80698        20.82402
        3.33000        99.00000        20.92823        20.68706        20.76848        20.81421        20.83307
        3.34000        99.00000        20.94189        20.69513        20.77519        20.82145        20.84078
        3.35000        99.00000        20.95589        20.70323        20.78168        20.82871        20.84923
        3.36000        99.00000        20.97024        20.71231        20.78834        20.83612        20.85844
        3.37000        99.00000        20.98497        20.72012        20.79478        20.84348        20.86620
        3.38000        99.00000        21.00006        20.72834        20.80118        20.85104        20.87466
        3.39000        99.00000        21.01556        20.73685        20.80784        20.85842        20.88224
        3.40000        99.00000        21.03274        20.74537        20.81382        20.86666        20.89050
        3.41000        99.00000        21.04825        20.75399        20.81980        20.87343        20.89834
        3.42000        99.00000        21.06434        20.76285        20.82582        20.88064        20.90744
        3.43000        99.00000        21.08101        20.77181        20.83165        20.88799        20.91499
        3.44000        99.00000        21.09807        20.78091        20.83761        20.89558        20.92346
        3.45000        99.00000        21.11535        20.79032        20.84327        20.90313        20.93148
        3.46000        99.00000        21.13283        20.80110        20.84899        20.91084        20.94080
        3.47000        99.00000        21.15054        20.81038        20.85471        20.91843        20.94826
        3.48000        99.00000        21.16848        20.82023        20.86019        20.92593        20.95598
        3.49000        99.00000        21.18663        20.83071        20.86616        20.93343        20.96452
        3.50000        99.00000        21.20499        20.84131        20.87127        20.94186        20.97240
        3.51000        99.00000        21.22438        20.85214        20.87685        20.94889        20.98031
        3.52000        99.00000        21.24259        20.86326        20.88254        20.95651        20.98881
        3.53000        99.00000        21.26129        20.87460        20.88837        20.96423        20.99651
        3.54000        99.00000        21.28043        20.88608        20.89398        20.97186        21.00466
        3.55000        99.00000        21.29979        20.89786        20.89977        20.97943        21.01273
        3.56000        99.00000        21.31923        20.90973        20.90577        20.98718        21.02111
        3.57000        99.00000        21.33872        20.92253        20.91179        20.99504        21.03027
        3.58000        99.00000        21.35824        20.93434        20.91800        21.00289        21.03754
        3.59000        99.00000        21.37778        20.94667        20.92486        21.01069        21.04515
        3.60000        99.00000        21.39727        20.95954        20.93053        21.01839        21.05357
        3.61000        99.00000        21.41809        20.97245        20.93687        21.02677        21.06156
        3.62000        99.00000        21.43667        20.98561        20.94350        21.03435        21.06995
        3.63000        99.00000        21.45554        20.99893        20.95041        21.04225        21.07760
        3.64000        99.00000        21.47471        21.01224        20.95718        21.05006        21.08583
        3.65000        99.00000        21.49406        21.02560        20.96409        21.05782        21.09379
        3.66000        99.00000        21.51349        21.03884        20.97140        21.06584        21.10163
        3.67000        99.00000        21.53301        21.05349        20.97872        21.07402        21.11100
        3.68000        99.00000        21.55264        21.06589        20.98618        21.08196        21.11836
        3.69000        99.00000        21.57236        21.07879        20.99358        21.08989        21.12660
        3.70000        99.00000        21.59216        21.09194        21.00180        21.09787        21.13440
        3.71000        99.00000        21.61206        21.10535        21.00903        21.10618        21.14255
        3.72000        99.00000        21.63283        21.11878        21.01699        21.11463        21.15024
        3.73000        99.00000        21.65249        21.13234        21.02509        21.12226        21.15873
        3.74000        99.00000        21.67243        21.14578        21.03343        21.13031        21.16666
        3.75000        99.00000        21.69267        21.15940        21.04164        21.13869        21.17497
        3.76000        99.00000        21.71308        21.17303        21.04991        21.14682        21.18279
        3.77000        99.00000        21.73359        21.18675        21.05797        21.15484        21.19103
        3.78000        99.00000        21.75419        21.20157        21.06627        21.16309        21.20003
        3.79000        99.00000        21.77488        21.21470        21.07459        21.17149        21.20786
        3.80000        99.00000        21.79570        21.22819        21.08284        21.17971        21.21607
        3.81000        99.00000        21.81660        21.24203        21.09174        21.18780        21.22400
        3.82000        99.00000        21.83759        21.25600        21.09973        21.19634        21.23230
        3.83000        99.00000        21.85956        21.27007        21.10862        21.20502        21.23986
        3.84000        99.00000        21.88032        21.28426        21.11767        21.21282        21.24823
        3.85000        99.00000        21.90140        21.29837        21.12680        21.22117        21.25652
        3.86000        99.00000        21.92280        21.31273        21.13594        21.22976        21.26457
        3.87000        99.00000        21.94444        21.32708        21.14461        21.23801        21.27334
        3.88000        99.00000        21.96621        21.34144        21.15336        21.24633        21.28110
        3.89000        99.00000        21.98813        21.35600        21.16194        21.25492        21.29030
        3.90000        99.00000        22.01022        21.37108        21.17049        21.26332        21.29826
        3.91000        99.00000        22.03243        21.38527        21.17913        21.27160        21.30639
        3.92000        99.00000        22.05478        21.39997        21.18847        21.28028        21.31449
        3.93000        99.00000        22.07734        21.41479        21.19660        21.28870        21.32232
        3.94000        99.00000        22.10107        21.42969        21.20527        21.29756        21.33092
        3.95000        99.00000        22.12335        21.44466        21.21424        21.30587        21.33926
        3.96000        99.00000        22.14604        21.45972        21.22311        21.31423        21.34725
        3.97000        99.00000        22.16910        21.47487        21.23205        21.32258        21.35607
        3.98000        99.00000        22.19245        21.49012        21.24092        21.33134        21.36425
        3.99000        99.00000        22.21603        21.50546        21.24974        21.33984        21.37250
        4.00000        99.00000        22.23976        21.52086        21.25861        21.34823        21.38099
        4.01000        99.00000        22.26368        21.53723        21.26747        21.35692        21.38992
        4.02000        99.00000        22.28784        21.55230        21.27630        21.36537        21.39834
        4.03000        99.00000        22.31216        21.56771        21.28634        21.37368        21.40618
        4.04000        99.00000        22.33669        21.58357        21.29468        21.38235        21.41448
        4.05000        99.00000        22.36145        21.59950        21.30324        21.39145        21.42309
        4.06000        99.00000        22.38723        21.61535        21.31175        21.39923        21.43141
        4.07000        99.00000        22.41188        21.63148        21.32050        21.40742        21.43964
        4.08000        99.00000        22.43698        21.64766        21.32899        21.41548        21.44817
        4.09000        99.00000        22.46250        21.66388        21.33792        21.42405        21.45691
        4.10000        99.00000        22.48834        21.68029        21.34696        21.43222        21.46532
        4.11000        99.00000        22.51437        21.69672        21.35623        21.44026        21.47366
        4.12000        99.00000        22.54065        21.71337        21.36559        21.44855        21.48298
        4.13000        99.00000        22.56719        21.73070        21.37488        21.45632        21.49145
        4.14000        99.00000        22.59392        21.74684        21.38443        21.46429        21.50011
        4.15000        99.00000        22.62097        21.76347        21.39488        21.47204        21.50771
        4.16000        99.00000        22.64825        21.78036        21.40408        21.47943        21.51659
        4.17000        99.00000        22.67750        21.79750        21.41371        21.48785        21.52497
        4.18000        99.00000        22.70452        21.81476        21.42309        21.49452        21.53362
        4.19000        99.00000        22.73204        21.83199        21.43279        21.50175        21.54257
        4.20000        99.00000        22.76016        21.84947        21.44259        21.50894        21.55070
        4.21000        99.00000        22.78879        21.86703        21.45260        21.51586        21.55944
        4.22000        99.00000        22.81778        21.88480        21.46279        21.52305        21.56793
        4.23000        99.00000        22.84712        21.90265        21.47286        21.52965        21.57681
        4.24000        99.00000        22.87671        21.92215        21.48343        21.53666        21.58654
        4.25000        99.00000        99.00000        21.93944        21.49390        21.54317        21.59509
        4.26000        99.00000        99.00000        21.95706        21.50447        21.54961        21.60352
        4.27000        99.00000        99.00000        21.97529        21.51604        21.55615        21.61143
        4.28000        99.00000        99.00000        21.99377        21.52623        21.56226        21.62040
        4.29000        99.00000        99.00000        22.01244        21.53692        21.56953        21.62910
        4.30000        99.00000        99.00000        22.03123        21.54755        21.57491        21.63777
        4.31000        99.00000        99.00000        22.05019        21.55850        21.58115        21.64650
        4.32000        99.00000        99.00000        22.06945        21.56924        21.58715        21.65535
        4.33000        99.00000        99.00000        22.08877        21.58018        21.59350        21.66437
        4.34000        99.00000        99.00000        22.10849        21.59107        21.59956        21.67339
        4.35000        99.00000        99.00000        22.12838        21.60198        21.60567        21.68184
        4.36000        99.00000        99.00000        22.14865        21.61297        21.61200        21.69140
        4.37000        99.00000        99.00000        22.17012        21.62393        21.61807        21.69999
        4.38000        99.00000        99.00000        22.19036        21.63488        21.62450        21.70846
        4.39000        99.00000        99.00000        22.21134        21.64681        21.63072        21.71744
        4.40000        99.00000        99.00000        22.23293        21.65692        21.63745        21.72621
        4.41000        99.00000        99.00000        22.25485        21.66712        21.64464        21.73507
        4.42000        99.00000        99.00000        22.27715        21.67785        21.65104        21.74381
        4.43000        99.00000        99.00000        22.29980        21.68818        21.65716        21.75278
        4.44000        99.00000        99.00000        22.32286        21.69874        21.66423        21.76158
        4.45000        99.00000        99.00000        22.34633        21.70881        21.67090        21.77054
        4.46000        99.00000        99.00000        22.37025        21.71923        21.67823        21.77948
        4.47000        99.00000        99.00000        22.39464        21.72916        21.68522        21.78840
        4.48000        99.00000        99.00000        22.41951        21.73928        21.69273        21.79746
        4.49000        99.00000        99.00000        22.44652        21.74900        21.70000        21.80725
        4.50000        99.00000        99.00000        22.47160        21.75891        21.70782        21.81597
        4.51000        99.00000        99.00000        22.49757        21.76839        21.71541        21.82481
        4.52000        99.00000        99.00000        22.52447        21.77880        21.72350        21.83359
        4.53000        99.00000        99.00000        22.55207        21.78742        21.73136        21.84255
        4.54000        99.00000        99.00000        22.58009        21.79666        21.74043        21.85140
        4.55000        99.00000        99.00000        22.60848        21.80593        21.74804        21.86041
        4.56000        99.00000        99.00000        22.63695        21.81570        21.75652        21.86943
        4.57000        99.00000        99.00000        22.66553        21.82521        21.76472        21.87861
        4.58000        99.00000        99.00000        22.69393        21.83535        21.77361        21.88747
        4.59000        99.00000        99.00000        22.72191        21.84550        21.78207        21.89699
        4.60000        99.00000        99.00000        22.74956        21.85636        21.79106        21.90554
        4.61000        99.00000        99.00000        22.77667        21.86735        21.79968        21.91484
        4.62000        99.00000        99.00000        22.80452        21.87879        21.80873        21.92434
        4.63000        99.00000        99.00000        22.82766        21.89008        21.81759        21.93323
        4.64000        99.00000        99.00000        22.85122        21.90183        21.82685        21.94186
        4.65000        99.00000        99.00000        22.87488        21.91477        21.83591        21.95122
        4.66000        99.00000        99.00000        22.89847        21.92723        21.84527        21.96031
        4.67000        99.00000        99.00000        22.92149        21.94065        21.85529        21.96934
        4.68000        99.00000        99.00000        22.94406        21.95479        21.86419        21.97816
        4.69000        99.00000        99.00000        22.96573        21.96956        21.87370        21.98678
        4.70000        99.00000        99.00000        22.98676        21.98464        21.88311        21.99542
        4.71000        99.00000        99.00000        23.00693        22.00078        21.89314        22.00412
        4.72000        99.00000        99.00000        23.02627        22.01708        21.90274        22.01321
        4.73000        99.00000        99.00000        23.04470        22.03410        21.91272        22.02129
        4.74000        99.00000        99.00000        23.06224        22.05151        21.92246        22.02974
        4.75000        99.00000        99.00000        23.08164        22.06950        21.93248        22.03930
        4.76000        99.00000        99.00000        23.09685        22.08798        21.94246        22.04783
        4.77000        99.00000        99.00000        23.11226        22.10679        21.95243        22.05572
        4.78000        99.00000        99.00000        23.12772        22.12674        21.96269        22.06379
        4.79000        99.00000        99.00000        23.14313        22.14536        21.97271        22.07230
        4.80000        99.00000        99.00000        23.15854        22.16463        21.98396        22.08027
        4.81000        99.00000        99.00000        23.17384        22.18404        21.99375        22.08852
        4.82000        99.00000        99.00000        23.18925        22.20371        22.00419        22.09696
        4.83000        99.00000        99.00000        23.20453        22.22353        22.01486        22.10466
        4.84000        99.00000        99.00000        23.21990        22.24333        22.02531        22.11169
        4.85000        99.00000        99.00000        23.23523        22.26358        22.03640        22.11895
        4.86000        99.00000        99.00000        23.25052        22.28359        22.04703        22.12635
        4.87000        99.00000        99.00000        23.26590        22.30346        22.05816        22.13331
        4.88000        99.00000        99.00000        23.28188        22.32298        22.06916        22.14166
        4.89000        99.00000        99.00000        23.29692        22.34243        22.08015        22.14781
        4.90000        99.00000        99.00000        23.31208        22.36239        22.09156        22.15420
        4.91000        99.00000        99.00000        23.32728        22.38407        22.10269        22.16078
        4.92000        99.00000        99.00000        23.34262        22.40373        22.11431        22.16730
        4.93000        99.00000        99.00000        23.35786        22.42364        22.12589        22.17479
        4.94000        99.00000        99.00000        23.37327        22.44408        22.13774        22.18135
        4.95000        99.00000        99.00000        23.38878        22.46527        22.14928        22.18820
        4.96000        99.00000        99.00000        23.40442        22.48614        22.16045        22.19481
        4.97000        99.00000        99.00000        23.42034        22.50729        22.17222        22.20171
        4.98000        99.00000        99.00000        23.43639        22.52881        22.18389        22.20783
        4.99000        99.00000        99.00000        23.45273        22.55039        22.19519        22.21421
        5.00000        99.00000        99.00000        23.46945        22.57259        22.20702        22.22033
        5.01000        99.00000        99.00000        23.48650        22.59471        22.21859        22.22715
        5.02000        99.00000        99.00000        23.50460        22.61724        22.23032        22.23413
        5.03000        99.00000        99.00000        23.52220        22.64009        22.24225        22.24013
        5.04000        99.00000        99.00000        23.54021        22.66302        22.25370        22.24632
        5.05000        99.00000        99.00000        23.55885        22.68727        22.26558        22.25301
        5.06000        99.00000        99.00000        23.57780        22.70994        22.27735        22.25916
        5.07000        99.00000        99.00000        23.59706        22.73324        22.28992        22.26591
        5.08000        99.00000        99.00000        23.61675        22.75724        22.30116        22.27231
        5.09000        99.00000        99.00000        23.63680        22.78206        22.31237        22.27980
        5.10000        99.00000        99.00000        23.65728        22.80672        22.32338        22.28658
        5.11000        99.00000        99.00000        23.67816        22.83181        22.33496        22.29332
        5.12000        99.00000        99.00000        23.69942        22.85678        22.34620        22.30117
        5.13000        99.00000        99.00000        23.72125        22.88181        22.35720        22.30826
        5.14000        99.00000        99.00000        23.74350        22.90735        22.36854        22.31591
        5.15000        99.00000        99.00000        23.76614        22.93253        22.37945        22.32399
        5.16000        99.00000        99.00000        23.78999        22.95820        22.39039        22.33238
        5.17000        99.00000        99.00000        23.81339        22.98435        22.40154        22.34010
        5.18000        99.00000        99.00000        23.83721        23.01031        22.41208        22.34845
        5.19000        99.00000        99.00000        23.86171        23.03848        22.42271        22.35627
        5.20000        99.00000        99.00000        23.88666        23.06442        22.43351        22.36442
        5.21000        99.00000        99.00000        23.91206        23.09036        22.44376        22.37269
        5.22000        99.00000        99.00000        23.93800        23.11184        22.45462        22.38066
        5.23000        99.00000        99.00000        23.96417        23.12869        22.46467        22.38899
        5.24000        99.00000        99.00000        23.99067        23.14821        22.47461        22.39800
        5.25000        99.00000        99.00000        24.01760        23.16795        22.48457        22.40664
        5.26000        99.00000        99.00000        24.04472        23.18933        22.49482        22.41572
        5.27000        99.00000        99.00000        24.07207        23.21340        22.50486        22.42557
        5.28000        99.00000        99.00000        24.09966        23.23960        22.51460        22.43470
        5.29000        99.00000        99.00000        24.12740        23.26743        22.52473        22.44377
        5.30000        99.00000        99.00000        24.15634        23.29597        22.53460        22.45467
        5.31000        99.00000        99.00000        24.18410        23.32505        22.54414        22.46421
        5.32000        99.00000        99.00000        24.21239        23.35477        22.55399        22.47378
        5.33000        99.00000        99.00000        24.24094        23.38491        22.56361        22.48325
        5.34000        99.00000        99.00000        24.26971        23.41656        22.57293        22.49314
        5.35000        99.00000        99.00000        24.29884        23.44656        22.58246        22.50336
        5.36000        99.00000        99.00000        24.32797        23.47773        22.59288        22.51283
        5.37000        99.00000        99.00000        24.35726        23.50972        22.60157        22.52300
        5.38000        99.00000        99.00000        24.38689        23.54224        22.61048        22.53285
        5.39000        99.00000        99.00000        24.41664        23.57536        22.61993        22.54289
        5.40000        99.00000        99.00000        24.44673        23.60893        22.62925        22.55389
        5.41000        99.00000        99.00000        24.47705        23.64280        22.63834        22.56461
        5.42000        99.00000        99.00000        24.50773        23.67721        22.64765        22.57545
        5.43000        99.00000        99.00000        24.53864        23.71227        22.65698        22.58539
        5.44000        99.00000        99.00000        24.56980        23.74766        22.66594        22.59630
        5.45000        99.00000        99.00000        24.60238        23.78369        22.67498        22.60790
        5.46000        99.00000        99.00000        24.63376        23.82069        22.68424        22.61814
        5.47000        99.00000        99.00000        24.66573        23.85831        22.69329        22.62932
        5.48000        99.00000        99.00000        24.69804        23.89979        22.70202        22.63999
        5.49000        99.00000        99.00000        24.73092        23.93729        22.71100        22.65097
        5.50000        99.00000        99.00000        24.76378        23.97673        22.71998        22.66151
        5.51000        99.00000        99.00000        24.79692        24.01781        22.72937        22.67277
        5.52000        99.00000        99.00000        24.83042        24.06027        22.73748        22.68348
        5.53000        99.00000        99.00000        24.86428        24.10410        22.74611        22.69479
        5.54000        99.00000        99.00000        24.89842        24.14932        22.75485        22.70536
        5.55000        99.00000        99.00000        24.93286        24.19533        22.76326        22.71674
        5.56000        99.00000        99.00000        24.96786        24.24250        22.77171        22.72793
        5.57000        99.00000        99.00000        25.00318        24.29128        22.78040        22.73922
        5.58000        99.00000        99.00000        25.03905        24.34156        22.78911        22.75005
        5.59000        99.00000        99.00000        25.07527        24.39246        22.79792        22.76144
        5.60000        99.00000        99.00000        25.11357        24.44413        22.80706        22.77360
        5.61000        99.00000        99.00000        25.15035        24.49669        22.81681        22.78452
        5.62000        99.00000        99.00000        25.18789        24.54899        22.82687        22.79556
        5.63000        99.00000        99.00000        25.22603        24.59999        22.83742        22.80691
        5.64000        99.00000        99.00000        25.26499        24.65295        22.84865        22.81787
        5.65000        99.00000        99.00000        25.30430        24.70021        22.86083        22.82908
        5.66000        99.00000        99.00000        25.34409        24.74729        22.87434        22.83999
        5.67000        99.00000        99.00000        25.38407        24.79305        22.88704        22.85141
        5.68000        99.00000        99.00000        25.42451        24.83685        22.90043        22.86246
        5.69000        99.00000        99.00000        25.46523        24.87894        22.91491        22.87397
        5.70000        99.00000        99.00000        25.50598        24.91979        22.93019        22.88445
        5.71000        99.00000        99.00000        25.54673        24.95856        22.94623        22.89590
        5.72000        99.00000        99.00000        25.58749        24.99592        22.96302        22.90678
        5.73000        99.00000        99.00000        25.62847        25.03096        22.98070        22.91775
        5.74000        99.00000        99.00000        25.66899        25.06297        22.99874        22.92867
        5.75000        99.00000        99.00000        25.70965        25.09338        23.01792        22.94084
        5.76000        99.00000        99.00000        25.75041        25.12083        23.03803        22.95171
        5.77000        99.00000        99.00000        25.78804        25.14525        23.05903        22.96253
        5.78000        99.00000        99.00000        25.82638        25.16742        23.08091        22.97352
        5.79000        99.00000        99.00000        25.86497        25.19458        23.10347        22.98398
        5.80000        99.00000        99.00000        25.90363        25.21027        23.12665        22.99498
        5.81000        99.00000        99.00000        25.94223        25.22694        23.15137        23.00539
        5.82000        99.00000        99.00000        25.98080        25.24485        23.17507        23.01618
        5.83000        99.00000        99.00000        26.01886        25.26407        23.19948        23.02682
        5.84000        99.00000        99.00000        26.05657        25.28361        23.22431        23.03758
        5.85000        99.00000        99.00000        26.09378        25.30336        23.24935        23.04862
        5.86000        99.00000        99.00000        26.13070        25.32383        23.27462        23.05905
        5.87000        99.00000        99.00000        99.00000        25.34439        23.30030        23.06931
        5.88000        99.00000        99.00000        99.00000        25.36540        23.32630        23.07985
        5.89000        99.00000        99.00000        99.00000        25.38670        23.35245        23.09026
        5.90000        99.00000        99.00000        99.00000        25.40839        23.37880        23.10118
        5.91000        99.00000        99.00000        99.00000        25.43074        23.40525        23.11209
        5.92000        99.00000        99.00000        99.00000        25.45340        23.43212        23.12221
        5.93000        99.00000        99.00000        99.00000        25.47664        23.45944        23.13223
        5.94000        99.00000        99.00000        99.00000        25.50002        23.48695        23.14225
        5.95000        99.00000        99.00000        99.00000        25.52358        23.51462        23.15273
        5.96000        99.00000        99.00000        99.00000        25.54701        23.54231        23.16242
        5.97000        99.00000        99.00000        99.00000        25.57062        23.57190        23.17253
        5.98000        99.00000        99.00000        99.00000        25.59522        23.60012        23.18306
        5.99000        99.00000        99.00000        99.00000        25.62040        23.62863        23.19246
        6.00000        99.00000        99.00000        99.00000        25.64504        23.65780        23.20258
        6.01000        99.00000        99.00000        99.00000        25.66962        23.68742        23.21276
        6.02000        99.00000        99.00000        99.00000        25.69429        23.71753        23.22271
        6.03000        99.00000        99.00000        99.00000        25.71846        23.74811        23.23219
        6.04000        99.00000        99.00000        99.00000        25.74248        23.77927        23.24223
        6.05000        99.00000        99.00000        99.00000        25.76618        23.81074        23.25178
        6.06000        99.00000        99.00000        99.00000        25.78913        23.84252        23.26183
        6.07000        99.00000        99.00000        99.00000        25.81179        23.87455        23.27241
        6.08000        99.00000        99.00000        99.00000        25.83436        23.90727        23.28206
        6.09000        99.00000        99.00000        99.00000        25.85713        23.94062        23.29137
        6.10000        99.00000        99.00000        99.00000        25.88045        23.97454        23.30067
        6.11000        99.00000        99.00000        99.00000        25.90444        24.00899        23.31015
        6.12000        99.00000        99.00000        99.00000        25.92742        24.04369        23.31959
        6.13000        99.00000        99.00000        99.00000        25.95042        24.07898        23.32921
        6.14000        99.00000        99.00000        99.00000        25.97450        24.11606        23.33851
        6.15000        99.00000        99.00000        99.00000        25.99935        24.15194        23.34779
        6.16000        99.00000        99.00000        99.00000        26.02404        24.18919        23.35774
        6.17000        99.00000        99.00000        99.00000        26.04866        24.22713        23.36645
        6.18000        99.00000        99.00000        99.00000        26.07329        24.26613        23.37589
        6.19000        99.00000        99.00000        99.00000        26.09758        24.30573        23.38556
        6.20000        99.00000        99.00000        99.00000        26.12169        24.34573        23.39428
        6.21000        99.00000        99.00000        99.00000        26.14561        24.38710        23.40409
        6.22000        99.00000        99.00000        99.00000        26.16955        24.42946        23.41289
        6.23000        99.00000        99.00000        99.00000        26.19351        24.47288        23.42352
        6.24000        99.00000        99.00000        99.00000        26.21776        24.51702        23.43208
        6.25000        99.00000        99.00000        99.00000        26.24184        24.56216        23.44104
        6.26000        99.00000        99.00000        99.00000        26.26606        24.60883        23.45043
        6.27000        99.00000        99.00000        99.00000        26.29034        24.65607        23.45894
        6.28000        99.00000        99.00000        99.00000        26.31515        24.70520        23.46806
        6.29000        99.00000        99.00000        99.00000        26.33938        24.75578        23.47685
        6.30000        99.00000        99.00000        99.00000        26.36422        24.81122        23.48620
        6.31000        99.00000        99.00000        99.00000        26.39021        24.86335        23.49431
        6.32000        99.00000        99.00000        99.00000        26.41722        24.91732        23.50347
        6.33000        99.00000        99.00000        99.00000        26.44324        24.97202        23.51226
        6.34000        99.00000        99.00000        99.00000        26.46932        25.02796        23.52128
        6.35000        99.00000        99.00000        99.00000        26.49551        25.08499        23.52933
        6.36000        99.00000        99.00000        99.00000        26.52108        25.14308        23.53833
        6.37000        99.00000        99.00000        99.00000        26.54603        25.20294        23.54628
        6.38000        99.00000        99.00000        99.00000        26.57088        25.26678        23.55511
        6.39000        99.00000        99.00000        99.00000        26.59558        25.33377        23.56288
        6.40000        99.00000        99.00000        99.00000        26.62041        25.40613        23.57219
        6.41000        99.00000        99.00000        99.00000        26.64505        25.48305        23.58019
        6.42000        99.00000        99.00000        99.00000        26.66994        25.56295        23.58843
        6.43000        99.00000        99.00000        99.00000        26.69477        25.64354        23.59631
        6.44000        99.00000        99.00000        99.00000        26.72059        25.72947        23.60416
        6.45000        99.00000        99.00000        99.00000        26.74513        25.82060        23.61297
        6.46000        99.00000        99.00000        99.00000        26.77001        25.91670        23.62219
        6.47000        99.00000        99.00000        99.00000        26.79402        26.02551        23.63255
        6.48000        99.00000        99.00000        99.00000        26.81398        26.12518        23.64251
        6.49000        99.00000        99.00000        99.00000        26.83182        26.22736        23.65414
        6.50000        99.00000        99.00000        99.00000        26.85191        26.33456        23.66686
        6.51000        99.00000        99.00000        99.00000        26.87267        26.44615        23.68075
        6.52000        99.00000        99.00000        99.00000        26.89375        26.56042        23.69564
        6.53000        99.00000        99.00000        99.00000        26.91675        26.68113        23.71141
        6.54000        99.00000        99.00000        99.00000        26.94168        26.80554        23.72902
        6.55000        99.00000        99.00000        99.00000        26.96813        26.93157        23.74800
        6.56000        99.00000        99.00000        99.00000        26.99587        27.05844        23.76750
        6.57000        99.00000        99.00000        99.00000        27.02451        27.18426        23.78979
        6.58000        99.00000        99.00000        99.00000        27.05369        27.30840        23.81151
        6.59000        99.00000        99.00000        99.00000        27.08316        27.42823        23.83414
        6.60000        99.00000        99.00000        99.00000        27.11324        27.53789        23.85803
        6.61000        99.00000        99.00000        99.00000        27.14399        27.63282        23.88183
        6.62000        99.00000        99.00000        99.00000        27.17591        27.70979        23.90546
        6.63000        99.00000        99.00000        99.00000        27.20786        27.76682        23.92819
        6.64000        99.00000        99.00000        99.00000        27.24085        27.80680        23.94954
        6.65000        99.00000        99.00000        99.00000        27.27514        27.86435        23.97070
        6.66000        99.00000        99.00000        99.00000        27.31070        27.87380        23.99344
        6.67000        99.00000        99.00000        99.00000        27.34688        27.88342        24.01666
        6.68000        99.00000        99.00000        99.00000        27.38358        27.89324        24.04099
        6.69000        99.00000        99.00000        99.00000        27.42117        27.90323        24.06871
        6.70000        99.00000        99.00000        99.00000        27.45942        27.91328        24.09739
        6.71000        99.00000        99.00000        99.00000        27.49822        27.92335        24.12436
        6.72000        99.00000        99.00000        99.00000        27.53757        27.93331        24.15052
        6.73000        99.00000        99.00000        99.00000        27.57759        27.94345        24.17618
        6.74000        99.00000        99.00000        99.00000        27.61852        27.95358        24.20217
        6.75000        99.00000        99.00000        99.00000        27.66031        27.96323        24.23060
        6.76000        99.00000        99.00000        99.00000        27.70290        27.97270        24.25794
        6.77000        99.00000        99.00000        99.00000        27.74630        27.98206        24.28541
        6.78000        99.00000        99.00000        99.00000        27.79049        27.99137        24.31402
        6.79000        99.00000        99.00000        99.00000        27.83540        28.00056        24.34246
        6.80000        99.00000        99.00000        99.00000        27.88181        28.00957        24.37053
        6.81000        99.00000        99.00000        99.00000        27.92779        28.01846        24.39970
        6.82000        99.00000        99.00000        99.00000        27.97492        28.02748        24.42910
        6.83000        99.00000        99.00000        99.00000        28.02358        28.03635        24.45852
        6.84000        99.00000        99.00000        99.00000        28.07364        28.04538        24.48925
        6.85000        99.00000        99.00000        99.00000        28.12434        28.05462        24.52010
        6.86000        99.00000        99.00000        99.00000        28.17567        28.06401        24.55118
        6.87000        99.00000        99.00000        99.00000        28.22782        28.07352        24.58345
        6.88000        99.00000        99.00000        99.00000        28.28050        28.08308        24.61600
        6.89000        99.00000        99.00000        99.00000        28.33372        28.09263        24.64897
        6.90000        99.00000        99.00000        99.00000        28.38752        28.10214        24.68304
        6.91000        99.00000        99.00000        99.00000        28.44182        28.11221        24.71734
        6.92000        99.00000        99.00000        99.00000        28.49631        28.12295        24.75271
        6.93000        99.00000        99.00000        99.00000        28.55072        28.13387        24.79183
        6.94000        99.00000        99.00000        99.00000        28.60530        28.14520        24.82911
        6.95000        99.00000        99.00000        99.00000        28.66017        28.15711        24.86672
        6.96000        99.00000        99.00000        99.00000        28.71548        28.16992        24.90445
        6.97000        99.00000        99.00000        99.00000        28.77128        28.18377        24.94200
        6.98000        99.00000        99.00000        99.00000        28.82868        28.19852        24.97938
        6.99000        99.00000        99.00000        99.00000        28.88253        28.21418        25.01698
        7.00000        99.00000        99.00000        99.00000        28.93617        28.23078        25.05562
