 15.7  16.5  17.5  18.5  19.5  20.5  21.5  22.5  23.5  24.5  25.5  26.3 
  0.3   1.0   2.0   3.0   4.0   5.0   6.0   6.7 
     16        2316        1736         285          39           5           1           0        4382
     17       16911       17199        2889         336          39           5           0       37380
     18      111254      155462       27280        2723         256          29           2      297006
     19      553156      954906      228859       21997        1690         156           8     1760770
     20     1016626     1337767      664867      147243       11144         851          36     3178535
     21      735971      601609      323094      253899       62381        4642         164     1981754
     22      364897      228246       70506       66588       99774       22697         753      853461
     23      124550       87661       14841        7985       20536       36674        3445      295690
     24       17201       33029        3195         937        1407       14626       12603       82998
     25           0        3552         703         113          92        1328        9255       15043
     26           0          17         110          13           6          43         587         776
Total       2942932     3421184     1336628      501874      197331       81053       26853     8507856
