dcr_nham1_ugri_v1.5_10yrs                               -1.37  40.0      18072      -0.36  62.6      18072       0.49  54.2      18072       0.49   5.3      18072       0.49  36.3      18072
rolling_mod6_sdf_0.20_v1.5_10yrs                        -1.36  27.9      18036      -0.24   5.3      18036       0.49  49.5      18036       0.50   8.9      18036       0.45   5.3      18036
wfd_depth_scale0.95_noddf_v1.5_10yrs                    -1.38  52.6      18106      -0.33  43.7      18106       0.49  36.3      18106       0.53  75.3      18106       0.50  53.7      18106
u60_v1.5_10yrs                                          -1.26   4.2      17879      -0.22   3.7      17879       0.54  97.9      17879       0.52  50.5      17879       0.49  31.6      17879
footprint_stuck_rollingv1.5_10yrs                       -1.37  50.0       9753      -0.29  11.1       9753       0.50  84.2       9753       0.53  61.1       9753       0.48  15.3       9753
filterdist_indx4_v1.5_10yrs                             -0.84   1.1      18761      -0.28   9.5      18761       0.52  96.3      18761       0.45   2.1      18761       0.52  95.8      18761
wfd_depth_scale0.70_noddf_v1.5_10yrs                    -1.37  37.4      18410      -0.32  32.1      21480       0.48  16.3      21480       0.53  70.0      21480       0.50  57.9      18452
daily_ddf_v1.5_10yrs                                    -1.37  42.1      17945      -0.32  28.4      17945       0.50  75.8      17945       0.52  45.8      17945       0.49  48.9      17945
alt_roll_mod2_dust_sdf_0.20_v1.5_10yrs                  -1.35  21.6      18176      -0.24   4.7      18176       0.51  93.7      18176       0.54  80.5      18176       0.49  25.3      18176
goodseeing_gz_v1.5_10yrs                                -1.37  46.8      18073      -0.30  12.6      18073       0.48  16.8      18073       0.51  14.2      18073       0.54  97.4      18073
filterdist_indx1_v1.5_10yrs                             -1.18   3.2      18761       0.16   2.6      18761       0.51  93.2      18761       0.41   1.1      18761       0.50  59.5      18761
footprint_standard_goalsv1.5_10yrs                      -1.37  43.2      18086      -0.31  25.3      18086       0.49  56.8      18086       0.53  54.2      18086       0.49  39.5      18086
footprint_big_sky_dustv1.5_10yrs                        -1.37  42.6      18420      -0.30  14.2      18420       0.51  89.5      18420       0.53  73.7      18420       0.51  87.9      18420
footprint_bluer_footprintv1.5_10yrs                     -1.70  99.5      18073       0.06   1.1      18073       0.57 100.0      18073       0.60  99.5      18073       0.48   9.5      18073
twilight_neo_mod4_v1.5_10yrs                            -1.38  52.1      17979      -0.25   7.9      17979       0.49  60.0      17979       0.53  63.2      17979       0.42   2.1      17979
goodseeing_gi_v1.5_10yrs                                -1.36  33.7      18078      -0.33  45.8      18078       0.47  11.6      18078       0.55  94.2      18078       0.54  96.8      18078
footprint_big_wfdv1.5_10yrs                             -1.35  22.1      22224      -0.32  37.4      22224       0.49  45.3      22224       0.53  67.9      22224       0.49  42.6      22224
dcr_nham2_ugr_v1.5_10yrs                                -1.37  50.5      18073      -0.37  91.1      18073       0.42   2.1      18073       0.51  12.6      18073       0.49  49.5      18073
short_exp_5ns_5expt_v1.5_10yrs                          -1.38  54.7      17770      -0.50  99.5      17770       0.48  18.4      17770       0.55  96.3      17770       0.48  16.8      17770
goodseeing_griz_v1.5_10yrs                              -1.35  13.7      18074      -0.31  27.9      18074       0.49  47.9      18074       0.51  13.7      18074       0.52  94.2      18074
twilight_neo_mod1_v1.5_10yrs                            -1.42  58.9      15649      -0.01   0.5      15649       0.49  23.7      15649       0.56  96.8      15649       0.10   0.5      15649
bulges_cadence_bulge_wfd_v1.5_10yrs                     -1.35  16.3      19922      -0.31  18.9      19922       0.49  61.6      19922       0.54  87.4      19922       0.50  58.9      19922
third_obs_pt120v1.5_10yrs                               -1.36  34.2      18075      -0.32  40.5      18075       0.49  22.6      18075       0.54  88.9      18075       0.49  34.2      18075
wfd_depth_scale0.95_v1.5_10yrs                          -1.38  53.2      18091      -0.32  35.8      18091       0.49  44.7      18091       0.53  54.7      18091       0.50  52.1      18091
wfd_depth_scale0.85_noddf_v1.5_10yrs                    -1.37  36.8      18102      -0.31  17.4      18102       0.49  45.8      18102       0.54  77.9      18102       0.49  32.6      18102
footprint_no_gp_northv1.5_10yrs                         -1.36  36.3      17947      -0.32  30.5      17947       0.50  65.3      17947       0.53  52.1      17947       0.49  25.8      17947
footprint_big_skyv1.5_10yrs                             -1.35  21.1      18154      -0.30  11.6      18154       0.51  90.5      18154       0.54  91.6      18154       0.50  62.1      18154
footprint_newBv1.5_10yrs                                -1.33   8.9      17846      -0.31  18.4      17846       0.51  94.2      17846       0.55  94.7      17846       0.50  61.6      17846
baseline_2snaps_v1.5_10yrs                              -1.49  97.4      17839      -0.35  59.5      17839       0.48  17.9      17839       0.52  36.3      17839       0.49  20.5      17839
footprint_big_sky_nouiyv1.5_10yrs                       -1.35  22.6      18161      -0.30  12.1      18161       0.51  92.1      18161       0.54  85.3      18161       0.50  72.6      18161
twilight_neo_mod3_v1.5_10yrs                            -1.38  54.2      17928      -0.23   4.2      17928       0.49  22.1      17928       0.53  66.8      17928       0.39   1.6      17928
greedy_footprint_v1.5_10yrs                             -1.37  41.6      18075      -0.29  10.5      18075       0.49  55.8      18075       0.52  37.4      18075       0.48  12.6      18075
wfd_depth_scale0.90_v1.5_10yrs                          -1.36  31.1      18075      -0.32  43.2      18075       0.49  53.2      18075       0.53  68.9      18075       0.49  28.4      18075
dcr_nham1_ug_v1.5_10yrs                                 -1.35  14.7      18073      -0.42  97.4      18073       0.48  20.0      18073       0.54  88.4      18073       0.49  31.1      18073
rolling_mod2_sdf_0.10_v1.5_10yrs                        -1.37  40.5      18067      -0.26   8.9      18067       0.50  81.6      18067       0.52  30.0      18067       0.47   8.4      18067
footprint_newAv1.5_10yrs                                -1.34  10.5      16931      -0.32  39.5      16931       0.50  67.9      16931       0.55  93.7      16931       0.50  63.7      16931
rolling_mod3_sdf_0.10_v1.5_10yrs                        -1.36  30.5      18059      -0.25   6.8      18059       0.50  81.1      18059       0.51  15.8      18059       0.47   7.9      18059
var_expt_v1.5_10yrs                                     -1.52  98.9      17877      -0.38  92.1      17877       0.43   4.2      17877       0.50   7.9      17877       0.59 100.0      17877
bulges_i_heavy_v1.5_10yrs                               -1.35  15.8      19907      -0.31  23.7      19907       0.50  69.5      19907       0.54  89.5      19907       0.50  55.8      19907
wfd_depth_scale0.75_v1.5_10yrs                          -1.35  17.4      18109      -0.32  34.7      18117       0.50  72.6      18117       0.52  43.2      18117       0.49  37.9      18109
dcr_nham2_ug_v1.5_10yrs                                 -1.33   8.4      18071      -0.49  98.4      18071       0.47  11.1      18071       0.54  90.5      18071       0.48  17.9      18071
filterdist_indx3_v1.5_10yrs                             -1.75 100.0      18761       0.10   1.6      18761       0.56  99.5      18761       0.46   3.7      18761       0.50  65.3      18761
goodseeing_i_v1.5_10yrs                                 -1.37  47.4      18073      -0.37  90.0      18073       0.46  10.5      18073       0.56  97.4      18073       0.54  97.9      18073
short_exp_2ns_5expt_v1.5_10yrs                          -1.42  58.4      17973      -0.39  93.7      17973       0.49  57.4      17973       0.54  83.7      17973       0.49  37.4      17973
footprint_add_mag_cloudsv1.5_10yrs                      -1.36  32.1      18411      -0.32  33.2      18411       0.49  60.5      18411       0.53  64.2      18411       0.49  46.8      18411
filterdist_indx6_v1.5_10yrs                             -1.38  53.7      18761      -0.32  32.6      18761       0.29   0.5      18761       0.70 100.0      18761       0.52  96.3      18761
agnddf_v1.5_10yrs                                       -1.36  35.3      18058      -0.32  41.1      18058       0.49  52.1      18058       0.54  93.2      18058       0.49  32.1      18058
wfd_depth_scale0.70_v1.5_10yrs                          -1.34  13.2      18249      -0.31  15.8      21071       0.50  66.8      21071       0.52  33.7      21071       0.49  26.3      18291
alt_dust_v1.5_10yrs                                     -1.35  20.0      18229      -0.30  13.2      18229       0.51  95.3      18229       0.55  95.8      18229       0.50  52.6      18229
baseline_v1.5_10yrs                                     -1.37  43.7      18073      -0.31  27.4      18073       0.50  74.7      18073       0.53  72.6      18073       0.49  19.5      18073
filterdist_indx7_v1.5_10yrs                             -1.30   6.8      18761      -0.12   2.1      18761       0.50  83.2      18761       0.49   5.8      18761       0.51  82.6      18761
wfd_depth_scale0.65_v1.5_10yrs                          -1.34  10.0      16939      -0.32  29.5      20070       0.50  68.4      20070       0.52  21.1      20070       0.49  22.1      16994
descddf_v1.5_10yrs                                      -1.36  30.0      18040      -0.31  26.3      18040       0.49  32.6      18040       0.54  90.0      18040       0.49  22.6      18040
bulges_bs_v1.5_10yrs                                    -1.35  14.2      19723      -0.31  16.8      19723       0.50  77.9      19723       0.54  83.2      19723       0.49  45.3      19723
filterdist_indx2_v1.5_10yrs                             -1.37  48.4      18760      -0.31  24.7      18760       0.48  15.3      18760       0.53  61.6      18760       0.50  58.4      18760
short_exp_5ns_1expt_v1.5_10yrs                          -1.38  51.6      17887      -0.51 100.0      17887       0.48  13.7      17887       0.55  95.3      17887       0.49  42.1      17887
wfd_depth_scale0.80_noddf_v1.5_10yrs                    -1.36  29.5      18150      -0.31  22.6      18150       0.49  48.9      18150       0.53  68.4      18150       0.50  56.3      18150
wfd_depth_scale0.85_v1.5_10yrs                          -1.35  23.2      18035      -0.31  19.5      18035       0.50  64.7      18035       0.53  56.8      18035       0.49  27.9      18035
dcr_nham2_ugri_v1.5_10yrs                               -1.37  38.4      18074      -0.38  91.6      18074       0.50  66.3      18074       0.46   3.2      18074       0.48  10.0      18074
third_obs_pt45v1.5_10yrs                                -1.37  47.9      18067      -0.31  20.0      18067       0.49  34.2      18067       0.54  75.8      18067       0.48  17.4      18067
wfd_depth_scale0.65_noddf_v1.5_10yrs                    -1.35  20.5      18353      -0.32  34.2      21502       0.49  31.1      21502       0.53  63.7      21502       0.49  30.5      18402
wfd_depth_scale0.80_v1.5_10yrs                          -1.34  12.1      17971      -0.31  25.8      17971       0.49  61.1      17971       0.53  53.7      17971       0.49  26.8      17971
bulges_cadence_i_heavy_v1.5_10yrs                       -1.36  24.2      19909      -0.30  15.3      19909       0.50  84.7      19909       0.53  72.1      19909       0.49  46.3      19909
filterdist_indx8_v1.5_10yrs                             -1.37  44.7      18761      -0.33  45.3      18761       0.43   5.3      18761       0.47   4.2      18761       0.51  76.3      18761
rolling_mod6_sdf_0.10_v1.5_10yrs                        -1.37  45.3      18025      -0.24   5.8      18025       0.50  67.4      18025       0.50   6.3      18025       0.46   5.8      18025
footprint_gp_smoothv1.5_10yrs                           -1.37  46.3      18718      -0.32  28.9      18718       0.49  50.5      18718       0.52  46.8      18718       0.49  21.6      18718
twilight_neo_mod2_v1.5_10yrs                            -1.40  56.8      17877      -0.19   3.2      17877       0.48  21.1      17877       0.54  81.6      17877       0.33   1.1      17877
third_obs_pt15v1.5_10yrs                                -1.37  44.2      18073      -0.31  26.8      18073       0.50  75.3      18073       0.53  73.2      18073       0.49  20.0      18073
bulges_bulge_wfd_v1.5_10yrs                             -1.35  18.4      19925      -0.30  14.7      19925       0.50  62.6      19925       0.54  82.6      19925       0.49  50.5      19925
goodseeing_gri_v1.5_10yrs                               -1.34  12.6      18073      -0.31  24.2      18073       0.48  17.4      18073       0.53  52.6      18073       0.54  98.4      18073
rolling_mod3_sdf_0.20_v1.5_10yrs                        -1.36  31.6      18054      -0.25   6.3      18054       0.50  82.6      18054       0.51  15.3      18054       0.47   6.8      18054
short_exp_2ns_1expt_v1.5_10yrs                          -1.44  59.5      18015      -0.39  93.2      18015       0.49  25.3      18015       0.54  86.3      18015       0.49  36.8      18015
spiders_v1.5_10yrs                                      -1.36  33.2      18079      -0.32  33.7      18079       0.49  58.4      18079       0.53  55.3      18079       0.50  51.1      18079
third_obs_pt90v1.5_10yrs                                -1.37  45.8      18077      -0.32  38.4      18077       0.49  31.6      18077       0.54  86.8      18077       0.49  41.1      18077
dcr_nham1_ugr_v1.5_10yrs                                -1.37  49.5      18077      -0.34  49.5      18077       0.45   9.5      18077       0.52  26.3      18077       0.49  33.2      18077
wfd_depth_scale0.75_noddf_v1.5_10yrs                    -1.36  23.7      18332      -0.32  35.3      18541       0.49  32.1      18541       0.54  76.8      18541       0.49  38.4      18333
third_obs_pt60v1.5_10yrs                                -1.37  41.1      18075      -0.32  31.6      18075       0.49  51.6      18075       0.54  84.2      18075       0.49  44.7      18075
rolling_mod2_sdf_0.20_v1.5_10yrs                        -1.37  38.9      18056      -0.26   8.4      18056       0.50  78.4      18056       0.52  25.8      18056       0.47   8.9      18056
wfd_depth_scale0.90_noddf_v1.5_10yrs                    -1.37  37.9      18099      -0.31  22.1      18099       0.49  44.2      18099       0.54  81.1      18099       0.49  48.4      18099
wfd_depth_scale0.99_noddf_v1.5_10yrs                    -1.39  55.3      18111      -0.32  41.6      18111       0.48  19.5      18111       0.54  87.9      18111       0.50  54.7      18111
bulges_cadence_bs_v1.5_10yrs                            -1.35  15.3      19717      -0.31  21.1      19717       0.50  86.8      19717       0.54  79.5      19717       0.50  62.6      19717
third_obs_pt30v1.5_10yrs                                -1.37  51.1      18075      -0.31  21.6      18075       0.49  42.6      18075       0.53  74.2      18075       0.48  16.3      18075
wfd_depth_scale0.99_v1.5_10yrs                          -1.39  55.8      18096      -0.32  38.9      18096       0.49  23.2      18096       0.53  66.3      18096       0.50  57.4      18096
filterdist_indx5_v1.5_10yrs                             -1.35  19.5      18760      -0.33  44.7      18760       0.46  10.0      18760       0.31   0.5      18760       0.49  43.7      18760
roll_mod2_dust_sdf_0.20_v1.5_10yrs                      -1.34  11.6      18164      -0.25   7.4      18164       0.51  94.7      18164       0.53  65.3      18164       0.49  23.7      18164
baseline_nexp2_scaleddown_v1.6_10yrs                    -1.49  95.3      17911      -0.36  74.7      17911       0.49  24.2      17911       0.52  28.4      17911       0.51  90.0      17911
rolling_fpo_3nslice0.8_v1.6_10yrs                       -1.37  39.5      18090      -0.32  30.0      18090       0.50  80.5      18090       0.53  64.7      18090       0.50  56.8      18090
rolling_fpo_2nslice0.8_v1.6_10yrs                       -1.36  28.4      18070      -0.31  20.5      18070       0.51  87.9      18070       0.53  51.1      18070       0.49  41.6      18070
combo_dust_v1.6_10yrs                                   -1.35  16.8      19442      -0.31  23.2      19442       0.52  96.8      19442       0.54  91.1      19442       0.50  63.2      19442
ss_heavy_v1.6_10yrs                                     -1.29   6.3      18323      -0.36  63.2      18323       0.56  98.9      18323       0.45   2.6      18323       0.52  93.2      18323
rolling_fpo_6nslice0.9_v1.6_10yrs                       -1.36  34.7      18093      -0.33  47.4      18093       0.50  79.5      18093       0.53  71.6      18093       0.51  82.1      18093
baseline_nexp1_v1.6_10yrs                               -1.35  18.9      18078      -0.32  36.8      18078       0.50  87.4      18078       0.52  47.9      18078       0.51  92.1      18078
even_filters_g_v1.6_10yrs                               -1.16   2.6      18069      -0.41  95.8      18069       0.42   2.6      18069       0.53  53.2      18069       0.43   3.2      18069
rolling_fpo_2nslice1.0_v1.6_10yrs                       -1.36  27.4      18075      -0.31  16.3      18075       0.50  80.0      18075       0.52  48.9      18075       0.49  47.4      18075
rolling_fpo_3nslice1.0_v1.6_10yrs                       -1.36  25.8      18092      -0.32  36.3      18092       0.50  78.9      18092       0.53  55.8      18092       0.50  60.5      18092
ddf_heavy_v1.6_10yrs                                    -1.34  11.1      17783      -0.33  44.2      17783       0.52  97.4      17783       0.50   6.8      17783       0.49  47.9      17783
even_filters_altv1.6_10yrs                              -1.30   7.4      18067      -0.32  40.0      18067       0.48  15.8      18067       0.53  71.1      18067       0.44   4.2      18067
rolling_exgal_mod2_dust_sdf_0.80_v1.6_10yrs             -1.36  24.7      18424      -0.30  13.7      18424       0.52  95.8      18424       0.54  92.1      18424       0.50  70.5      18424
combo_dust_nexp2_v1.6_10yrs                             -1.46  64.7      18994      -0.35  55.3      18994       0.51  88.4      18994       0.53  60.5      18994       0.50  67.9      18994
dm_heavy_v1.6_10yrs                                     -1.36  26.3      18077      -0.37  90.5      18077       0.43   3.7      18077       0.52  42.1      18077       0.55  99.5      18077
even_filtersv1.6_10yrs                                  -1.29   5.8      18078      -0.33  46.8      18078       0.47  12.1      18078       0.53  65.8      18078       0.44   3.7      18078
mw_heavy_v1.6_10yrs                                     -1.35  17.9      18553      -0.32  42.6      18553       0.50  70.0      18553       0.53  67.4      18553       0.51  83.7      18553
rolling_fpo_6nslice1.0_v1.6_10yrs                       -1.37  48.9      18096      -0.33  46.3      18096       0.50  77.4      18096       0.53  70.5      18096       0.50  69.5      18096
baseline_nexp2_v1.6_10yrs                               -1.48  83.7      17829      -0.36  78.4      17829       0.49  46.8      17829       0.52  36.8      17829       0.49  50.0      17829
dm_heavy_nexp2_v1.6_10yrs                               -1.48  85.8      17834      -0.40  94.2      17834       0.42   1.1      17834       0.51  11.6      17834       0.55  98.9      17834
rolling_fpo_6nslice0.8_v1.6_10yrs                       -1.36  35.8      18097      -0.33  47.9      18097       0.50  73.7      18097       0.53  62.1      18097       0.51  87.4      18097
rolling_fpo_2nslice0.9_v1.6_10yrs                       -1.36  26.8      18075      -0.32  31.1      18075       0.51  92.6      18075       0.52  44.2      18075       0.49  38.9      18075
mw_heavy_nexp2_v1.6_10yrs                               -1.47  77.4      18314      -0.36  80.0      18314       0.49  56.3      18314       0.51  16.8      18314       0.50  68.4      18314
ss_heavy_nexp2_v1.6_10yrs                               -1.41  57.9      18200      -0.40  95.3      18200       0.54  98.4      18200       0.45   1.6      18200       0.51  91.1      18200
rolling_fpo_3nslice0.9_v1.6_10yrs                       -1.36  28.9      18091      -0.32  37.9      18091       0.50  73.2      18091       0.53  56.3      18091       0.50  64.2      18091
ddf_heavy_nexp2_v1.6_10yrs                              -1.46  63.7      17451      -0.37  84.2      17451       0.51  91.1      17451       0.49   4.7      17451       0.49  18.4      17451
rolling_exgal_mod2_dust_sdf_0.80_nexp2_v1.6_10yrs       -1.46  65.8      18073      -0.34  48.4      18073       0.50  83.7      18073       0.54  78.9      18073       0.50  60.0      18073
barebones_nexp2_v1.6_10yrs                              -1.46  64.2      18099      -0.36  69.5      18099       0.43   5.8      18099       0.57  97.9      18099       0.46   6.3      18099
barebones_v1.6_10yrs                                    -1.36  25.3      18112      -0.29  10.0      18112       0.44   7.4      18112       0.58  98.9      18112       0.45   4.7      18112
even_filters_alt_g_v1.6_10yrs                           -1.19   3.7      18069      -0.40  94.7      18069       0.43   4.7      18069       0.53  60.0      18069       0.43   2.6      18069
rolling_nm_scale0.6_nslice2_v1.7_10yrs                  -1.49  94.7      17802      -0.35  57.9      17802       0.49  43.7      17802       0.52  41.6      17802       0.48  15.8      17802
ddf_dither0.70_v1.7_10yrs                               -1.48  89.5      17805      -0.36  68.9      17805       0.49  38.9      17805       0.52  23.7      17805       0.51  77.9      17805
rolling_scale0.9_nslice3_v1.7_10yrs                     -1.48  88.9      17810      -0.35  53.2      17810       0.49  36.8      17810       0.52  48.4      17810       0.49  27.4      17810
ddf_dither1.00_v1.7_10yrs                               -1.47  73.2      17809      -0.37  88.4      17809       0.49  53.7      17809       0.52  22.6      17809       0.51  81.6      17809
ddf_dither0.05_v1.7_10yrs                               -1.48  84.7      17801      -0.36  75.3      17801       0.49  26.8      17801       0.52  27.9      17801       0.51  88.9      17801
euclid_dither2_v1.7_10yrs                               -1.48  92.6      17804      -0.36  75.8      17804       0.49  41.1      17804       0.52  28.9      17804       0.50  66.3      17804
ddf_dither0.00_v1.7_10yrs                               -1.47  68.4      17803      -0.36  81.1      17803       0.49  54.7      17803       0.51  17.9      17803       0.50  68.9      17803
twi_pairs_mixed_repeat_v1.7_10yrs                       -1.47  75.3      17801      -0.36  79.5      17801       0.48  14.2      17801       0.54  85.8      17801       0.49  18.9      17801
u_long_ms_60_v1.7_10yrs                                 -0.78   0.5      17743      -0.35  60.0      17743       0.51  88.9      17743       0.51   9.5      17743       0.51  79.5      17743
rolling_nm_scale0.9_nslice3_v1.7_10yrs                  -1.47  71.6      17807      -0.35  60.5      17807       0.49  55.3      17807       0.52  46.3      17807       0.49  21.1      17807
rolling_scale0.6_nslice2_v1.7_10yrs                     -1.47  78.4      17809      -0.36  61.6      17809       0.49  29.5      17809       0.52  42.6      17809       0.49  45.8      17809
twi_neo_pattern1_v1.7_10yrs                             -1.44  60.5      13612      -0.39  92.6      13612       0.49  48.4      13612       0.52  20.0      13612       0.50  71.6      13612
cadence_drive_gl30v1.7_10yrs                            -1.40  56.3      17794      -0.42  96.8      17794       0.45   8.4      17794       0.52  19.5      17794       0.51  89.5      17794
twi_neo_pattern4_v1.7_10yrs                             -1.47  72.1      17744      -0.37  88.9      17744       0.50  64.2      17744       0.51  17.4      17744       0.50  75.3      17744
twi_pairs_mixed_v1.7_10yrs                              -1.47  67.9      17811      -0.37  86.3      17811       0.47  13.2      17811       0.54  92.6      17811       0.49  34.7      17811
cadence_drive_gl200v1.7_10yrs                           -1.48  85.3      17772      -0.35  58.4      17772       0.43   3.2      17772       0.50   7.4      17772       0.48  14.2      17772
ddf_dither2.00_v1.7_10yrs                               -1.47  68.9      17820      -0.37  84.7      17820       0.49  40.5      17820       0.52  38.4      17820       0.50  65.8      17820
ddf_dither1.50_v1.7_10yrs                               -1.48  79.5      17807      -0.36  71.6      17807       0.49  21.6      17807       0.52  22.1      17807       0.51  86.8      17807
twi_neo_pattern6_v1.7_10yrs                             -1.47  74.7      17708      -0.36  82.6      17708       0.49  59.5      17708       0.52  25.3      17708       0.51  84.7      17708
rolling_scale0.8_nslice3_v1.7_10yrs                     -1.48  80.0      17807      -0.36  70.5      17807       0.49  57.9      17807       0.52  49.5      17807       0.48  13.7      17807
u_long_ms_40_v1.7_10yrs                                 -1.06   2.1      17791      -0.35  56.3      17791       0.50  85.3      17791       0.51  14.7      17791       0.50  75.8      17791
rolling_nm_scale1.0_nslice3_v1.7_10yrs                  -1.47  78.9      17806      -0.34  50.0      17806       0.49  34.7      17806       0.52  45.3      17806       0.48  10.5      17806
baseline_nexp2_v1.7_10yrs                               -1.48  90.5      17805      -0.36  67.4      17805       0.49  38.4      17805       0.52  23.2      17805       0.51  78.4      17805
rolling_scale0.2_nslice3_v1.7_10yrs                     -1.48  86.3      17806      -0.36  73.2      17806       0.49  28.9      17806       0.52  34.7      17806       0.50  55.3      17806
twi_neo_pattern3_v1.7_10yrs                             -1.47  72.6      17736      -0.36  83.2      17736       0.49  28.4      17736       0.52  21.6      17736       0.51  83.2      17736
rolling_scale0.4_nslice3_v1.7_10yrs                     -1.49  95.8      17801      -0.36  76.3      17801       0.49  26.3      17801       0.52  50.0      17801       0.49  35.8      17801
u_long_ms_30_v1.7_10yrs                                 -1.26   4.7      17867      -0.36  78.9      17867       0.50  63.2      17867       0.52  32.6      17867       0.51  90.5      17867
rolling_nm_scale0.8_nslice3_v1.7_10yrs                  -1.48  84.2      17801      -0.35  58.9      17801       0.49  58.9      17801       0.52  34.2      17801       0.48  11.1      17801
cadence_drive_gl100_gcbv1.7_10yrs                       -1.33   9.5      17802      -0.49  97.9      17802       0.44   6.8      17802       0.51  10.5      17802       0.52  95.3      17802
euclid_dither5_v1.7_10yrs                               -1.47  76.8      17798      -0.36  62.1      17798       0.49  47.4      17798       0.52  31.6      17798       0.50  67.4      17798
rolling_nm_scale0.2_nslice3_v1.7_10yrs                  -1.48  93.2      17810      -0.36  71.1      17810       0.49  41.6      17810       0.53  57.4      17810       0.49  33.7      17810
rolling_scale1.0_nslice3_v1.7_10yrs                     -1.48  80.5      17809      -0.35  51.6      17809       0.49  50.0      17809       0.52  27.4      17809       0.49  29.5      17809
rolling_nm_scale0.4_nslice3_v1.7_10yrs                  -1.47  73.7      17801      -0.36  64.2      17801       0.49  35.3      17801       0.52  43.7      17801       0.49  30.0      17801
footprint_0_v1.710yrs                                   -1.45  61.6      17885      -0.36  81.6      17885       0.50  74.2      17885       0.54  77.4      17885       0.50  70.0      17885
rolling_nm_scale0.2_nslice2_v1.7_10yrs                  -1.47  77.9      17806      -0.36  72.1      17806       0.49  30.5      17806       0.52  39.5      17806       0.50  61.1      17806
rolling_scale1.0_nslice2_v1.7_10yrs                     -1.48  91.6      17804      -0.35  54.7      17804       0.49  27.4      17804       0.52  40.5      17804       0.48  14.7      17804
cadence_drive_gl100v1.7_10yrs                           -1.32   7.9      17777      -0.49  98.9      17777       0.43   6.3      17777       0.51  10.0      17777       0.52  94.7      17777
euclid_dither1_v1.7_10yrs                               -1.48  90.0      17805      -0.36  67.9      17805       0.49  37.9      17805       0.52  24.7      17805       0.51  77.4      17805
footprint_1_v1.710yrs                                   -1.46  63.2      17928      -0.37  83.7      17928       0.50  76.8      17928       0.54  80.0      17928       0.51  85.3      17928
rolling_nm_scale0.4_nslice2_v1.7_10yrs                  -1.48  86.8      17801      -0.35  57.4      17801       0.49  35.8      17801       0.52  40.0      17801       0.49  40.5      17801
rolling_nm_scale0.8_nslice2_v1.7_10yrs                  -1.48  83.2      17808      -0.35  52.6      17808       0.49  25.8      17808       0.52  37.9      17808       0.49  23.2      17808
footprint_3_v1.710yrs                                   -1.47  67.4      18027      -0.36  66.3      18027       0.50  71.1      18027       0.53  59.5      18027       0.51  80.0      18027
footprint_2_v1.710yrs                                   -1.47  70.0      17728      -0.35  51.1      17728       0.50  70.5      17728       0.53  74.7      17728       0.51  86.3      17728
euclid_dither4_v1.7_10yrs                               -1.47  74.2      17801      -0.36  80.5      17801       0.49  27.9      17801       0.52  38.9      17801       0.50  73.7      17801
ddf_dither0.30_v1.7_10yrs                               -1.48  81.6      17796      -0.36  73.7      17796       0.50  63.7      17796       0.51  18.4      17796       0.50  72.1      17796
footprint_7_v1.710yrs                                   -1.47  76.3      17543      -0.35  52.1      17543       0.50  76.3      17543       0.54  76.3      17543       0.51  88.4      17543
rolling_nm_scale1.0_nslice2_v1.7_10yrs                  -1.47  69.5      17811      -0.35  55.8      17811       0.50  68.9      17811       0.52  31.1      17811       0.48  13.2      17811
rolling_scale0.2_nslice2_v1.7_10yrs                     -1.48  88.4      17805      -0.36  76.8      17805       0.48  20.5      17805       0.53  62.6      17805       0.50  54.2      17805
twi_neo_pattern2_v1.7_10yrs                             -1.46  65.3      17697      -0.37  89.5      17697       0.49  51.1      17697       0.52  32.1      17697       0.51  85.8      17697
rolling_scale0.4_nslice2_v1.7_10yrs                     -1.49  96.3      17811      -0.36  70.0      17811       0.49  30.0      17811       0.53  51.6      17811       0.49  43.2      17811
pair_times_55_v1.7_10yrs                                -1.45  61.1      17898      -0.37  87.9      17898       0.51  90.0      17898       0.51  12.1      17898       0.52  93.7      17898
footprint_6_v1.710yrs                                   -1.47  70.5      18044      -0.36  74.2      18044       0.49  43.2      18044       0.54  84.7      18044       0.50  66.8      18044
u_long_ms_50_v1.7_10yrs                                 -0.90   1.6      17777      -0.36  77.4      17777       0.50  86.3      17777       0.51  13.2      17777       0.50  74.7      17777
twi_neo_pattern7_v1.7_10yrs                             -1.47  71.1      17733      -0.37  87.4      17733       0.49  33.2      17733       0.52  29.5      17733       0.51  84.2      17733
rolling_scale0.8_nslice2_v1.7_10yrs                     -1.49  96.8      17789      -0.35  54.2      17789       0.49  39.5      17789       0.52  41.1      17789       0.49  24.2      17789
cadence_drive_gl30_gcbv1.7_10yrs                        -1.41  57.4      17798      -0.41  96.3      17798       0.45   8.9      17798       0.52  20.5      17798       0.51  92.6      17798
footprint_4_v1.710yrs                                   -1.48  82.6      17334      -0.36  63.7      17334       0.49  46.3      17334       0.53  58.4      17334       0.50  53.2      17334
pair_times_44_v1.7_10yrs                                -1.44  60.0      17870      -0.36  82.1      17870       0.50  72.1      17870       0.51  11.1      17870       0.51  76.8      17870
footprint_5_v1.710yrs                                   -1.47  66.8      18027      -0.36  65.8      18027       0.50  71.6      18027       0.53  58.9      18027       0.51  80.5      18027
twi_pairs_repeat_v1.7_10yrs                             -1.49  97.9      17809      -0.35  50.5      17809       0.48  14.7      17809       0.53  69.5      17809       0.49  40.0      17809
twi_neo_pattern5_v1.7_10yrs                             -1.45  62.6      17680      -0.37  85.8      17680       0.49  62.1      17680       0.52  18.9      17680       0.50  71.1      17680
twi_pairs_v1.7_10yrs                                    -1.48  93.7      17815      -0.36  64.7      17815       0.47  12.6      17815       0.54  82.1      17815       0.50  51.6      17815
cadence_drive_gl200_gcbv1.7_10yrs                       -1.47  75.8      17808      -0.37  86.8      17808       0.42   1.6      17808       0.50   8.4      17808       0.48  12.1      17808
pair_times_33_v1.7_10yrs                                -1.45  62.1      17854      -0.37  85.3      17854       0.50  82.1      17854       0.51  16.3      17854       0.50  73.2      17854
rolling_nm_scale0.9_nslice2_v1.7_10yrs                  -1.48  87.9      17799      -0.34  48.9      17799       0.49  52.6      17799       0.52  35.3      17799       0.48  11.6      17799
rolling_scale0.6_nslice3_v1.7_10yrs                     -1.48  92.1      17805      -0.36  61.1      17805       0.49  42.1      17805       0.52  44.7      17805       0.49  35.3      17805
baseline_nexp1_v1.7_10yrs                               -1.36  32.6      18056      -0.32  42.1      18056       0.51  91.6      18056       0.53  57.9      18056       0.50  74.2      18056
pair_times_22_v1.7_10yrs                                -1.48  91.1      17805      -0.36  68.4      17805       0.49  37.4      17805       0.52  24.2      17805       0.51  78.9      17805
pair_times_11_v1.7_10yrs                                -1.48  94.2      17717      -0.36  77.9      17717       0.48  18.9      17717       0.52  35.8      17717       0.49  44.2      17717
footprint_8_v1.710yrs                                   -1.47  66.3      17904      -0.35  56.8      17904       0.50  85.8      17904       0.54  78.4      17904       0.51  91.6      17904
ddf_dither0.10_v1.7_10yrs                               -1.48  82.1      17811      -0.36  66.8      17811       0.49  40.0      17811       0.52  33.2      17811       0.50  64.7      17811
rolling_nm_scale0.6_nslice3_v1.7_10yrs                  -1.48  81.1      17807      -0.36  65.3      17807       0.49  24.7      17807       0.52  47.4      17807       0.49  28.9      17807
rolling_scale0.9_nslice2_v1.7_10yrs                     -1.49  98.4      17799      -0.35  53.7      17799       0.50  65.8      17799       0.52  30.5      17799       0.49  24.7      17799
euclid_dither3_v1.7_10yrs                               -1.48  87.4      17802      -0.36  72.6      17802       0.49  33.7      17802       0.52  26.8      17802       0.51  81.1      17802
baseline_samefilt_v1.5_10yrs                            -1.26   5.3      18093      -0.31  17.9      18093       0.44   7.9      18093       0.57  98.4      18093       0.47   7.4      18093
