dcr_nham1_ugri_v1.5_10yrs                               -2.46  40.0      18072      -0.34  62.6      18072       0.50  54.2      18072       0.67   5.3      18072       0.54  36.3      18072
rolling_mod6_sdf_0.20_v1.5_10yrs                        -2.45  27.9      18036      -0.22   5.3      18036       0.50  49.5      18036       0.68   8.9      18036       0.50   5.3      18036
wfd_depth_scale0.95_noddf_v1.5_10yrs                    -2.47  52.6      18106      -0.31  43.7      18106       0.50  36.3      18106       0.71  75.3      18106       0.55  53.7      18106
u60_v1.5_10yrs                                          -2.35   4.2      17879      -0.20   3.7      17879       0.55  97.9      17879       0.70  50.5      17879       0.54  31.6      17879
footprint_stuck_rollingv1.5_10yrs                       -2.47  50.0       9753      -0.27  11.1       9753       0.51  84.2       9753       0.71  61.1       9753       0.54  15.3       9753
filterdist_indx4_v1.5_10yrs                             -1.93   1.1      18761      -0.26   9.5      18761       0.53  96.3      18761       0.63   2.1      18761       0.57  95.8      18761
wfd_depth_scale0.70_noddf_v1.5_10yrs                    -2.46  37.4      18410      -0.30  32.1      21480       0.49  16.3      21480       0.71  70.0      21480       0.55  57.9      18452
daily_ddf_v1.5_10yrs                                    -2.46  42.1      17945      -0.30  28.4      17945       0.51  75.8      17945       0.70  45.8      17945       0.55  48.9      17945
alt_roll_mod2_dust_sdf_0.20_v1.5_10yrs                  -2.45  21.6      18176      -0.22   4.7      18176       0.52  93.7      18176       0.71  80.5      18176       0.54  25.3      18176
goodseeing_gz_v1.5_10yrs                                -2.46  46.8      18073      -0.28  12.6      18073       0.49  16.8      18073       0.69  14.2      18073       0.59  97.4      18073
filterdist_indx1_v1.5_10yrs                             -2.27   3.2      18761       0.18   3.2      18761       0.52  93.2      18761       0.58   1.1      18761       0.55  59.5      18761
footprint_standard_goalsv1.5_10yrs                      -2.46  43.2      18086      -0.30  25.3      18086       0.50  56.8      18086       0.71  54.2      18086       0.54  39.5      18086
footprint_big_sky_dustv1.5_10yrs                        -2.46  42.6      18420      -0.28  14.2      18420       0.52  89.5      18420       0.71  73.7      18420       0.56  87.9      18420
footprint_bluer_footprintv1.5_10yrs                     -2.79  99.5      18073       0.08   1.1      18073       0.58 100.0      18073       0.78  99.5      18073       0.53   9.5      18073
twilight_neo_mod4_v1.5_10yrs                            -2.47  52.1      17979      -0.23   7.9      17979       0.50  60.0      17979       0.71  63.2      17979       0.47   2.1      17979
goodseeing_gi_v1.5_10yrs                                -2.46  33.7      18078      -0.31  45.8      18078       0.48  11.6      18078       0.72  94.2      18078       0.59  96.8      18078
footprint_big_wfdv1.5_10yrs                             -2.45  22.1      22224      -0.30  37.4      22224       0.50  45.3      22224       0.71  67.9      22224       0.55  42.6      22224
dcr_nham2_ugr_v1.5_10yrs                                -2.47  50.5      18073      -0.35  91.1      18073       0.43   2.1      18073       0.69  12.6      18073       0.55  49.5      18073
short_exp_5ns_5expt_v1.5_10yrs                          -2.47  54.7      17770      -0.49  99.5      17770       0.49  18.4      17770       0.73  96.3      17770       0.54  16.8      17770
goodseeing_griz_v1.5_10yrs                              -2.44  13.7      18074      -0.30  27.9      18074       0.50  47.9      18074       0.69  13.7      18074       0.57  94.2      18074
twilight_neo_mod1_v1.5_10yrs                            -2.51  58.9      15649       0.00   0.5      15649       0.50  23.7      15649       0.74  96.8      15649       0.15   0.5      15649
bulges_cadence_bulge_wfd_v1.5_10yrs                     -2.44  16.3      19922      -0.29  18.9      19922       0.50  61.6      19922       0.72  87.4      19922       0.55  58.9      19922
third_obs_pt120v1.5_10yrs                               -2.46  34.2      18075      -0.30  40.5      18075       0.50  22.6      18075       0.72  88.9      18075       0.54  34.2      18075
wfd_depth_scale0.95_v1.5_10yrs                          -2.47  53.2      18091      -0.30  35.8      18091       0.50  44.7      18091       0.71  54.7      18091       0.55  52.1      18091
wfd_depth_scale0.85_noddf_v1.5_10yrs                    -2.46  36.8      18102      -0.29  17.4      18102       0.50  45.8      18102       0.71  77.9      18102       0.54  32.6      18102
footprint_no_gp_northv1.5_10yrs                         -2.46  36.3      17947      -0.30  30.5      17947       0.51  65.3      17947       0.70  52.1      17947       0.54  25.8      17947
footprint_big_skyv1.5_10yrs                             -2.45  21.1      18154      -0.28  11.6      18154       0.52  90.5      18154       0.72  91.6      18154       0.55  62.1      18154
footprint_newBv1.5_10yrs                                -2.43   8.9      17846      -0.29  18.4      17846       0.52  94.2      17846       0.72  94.7      17846       0.55  61.6      17846
baseline_2snaps_v1.5_10yrs                              -2.58  97.4      17839      -0.34  59.5      17839       0.49  17.9      17839       0.70  36.3      17839       0.54  20.5      17839
footprint_big_sky_nouiyv1.5_10yrs                       -2.45  22.6      18161      -0.28  12.1      18161       0.52  92.1      18161       0.72  85.3      18161       0.56  72.6      18161
twilight_neo_mod3_v1.5_10yrs                            -2.47  54.2      17928      -0.21   4.2      17928       0.50  22.1      17928       0.71  66.8      17928       0.44   1.6      17928
greedy_footprint_v1.5_10yrs                             -2.46  41.6      18075      -0.27  10.5      18075       0.50  55.8      18075       0.70  37.4      18075       0.53  12.6      18075
wfd_depth_scale0.90_v1.5_10yrs                          -2.46  31.1      18075      -0.31  43.2      18075       0.50  53.2      18075       0.71  68.9      18075       0.54  28.4      18075
dcr_nham1_ug_v1.5_10yrs                                 -2.44  14.7      18073      -0.40  97.4      18073       0.49  20.0      18073       0.72  88.4      18073       0.54  31.1      18073
rolling_mod2_sdf_0.10_v1.5_10yrs                        -2.46  40.5      18067      -0.24   8.9      18067       0.51  81.6      18067       0.70  30.0      18067       0.52   8.4      18067
footprint_newAv1.5_10yrs                                -2.43  10.5      16931      -0.30  39.5      16931       0.51  67.9      16931       0.72  93.7      16931       0.55  63.7      16931
rolling_mod3_sdf_0.10_v1.5_10yrs                        -2.46  30.5      18059      -0.23   6.8      18059       0.51  81.1      18059       0.69  15.8      18059       0.52   7.9      18059
var_expt_v1.5_10yrs                                     -2.61  98.9      17877      -0.36  92.1      17877       0.44   4.2      17877       0.68   7.9      17877       0.64 100.0      17877
bulges_i_heavy_v1.5_10yrs                               -2.44  15.8      19907      -0.29  23.7      19907       0.51  69.5      19907       0.72  89.5      19907       0.55  55.8      19907
wfd_depth_scale0.75_v1.5_10yrs                          -2.44  17.4      18109      -0.30  34.7      18117       0.51  72.6      18117       0.70  43.2      18117       0.54  37.9      18109
dcr_nham2_ug_v1.5_10yrs                                 -2.42   8.4      18071      -0.47  98.4      18071       0.48  11.1      18071       0.72  90.5      18071       0.54  17.9      18071
filterdist_indx3_v1.5_10yrs                             -2.84 100.0      18761       0.12   2.1      18761       0.57  99.5      18761       0.64   3.7      18761       0.55  65.3      18761
goodseeing_i_v1.5_10yrs                                 -2.47  47.4      18073      -0.35  90.0      18073       0.47  10.5      18073       0.74  97.4      18073       0.59  97.9      18073
short_exp_2ns_5expt_v1.5_10yrs                          -2.51  58.4      17973      -0.38  93.7      17973       0.50  57.4      17973       0.72  83.7      17973       0.54  37.4      17973
footprint_add_mag_cloudsv1.5_10yrs                      -2.46  32.1      18411      -0.30  33.2      18411       0.50  60.5      18411       0.71  64.2      18411       0.55  46.8      18411
filterdist_indx6_v1.5_10yrs                             -2.47  53.7      18761      -0.30  32.6      18761       0.30   0.5      18761       0.88 100.0      18761       0.58  96.3      18761
agnddf_v1.5_10yrs                                       -2.46  35.3      18058      -0.30  41.1      18058       0.50  52.1      18058       0.72  93.2      18058       0.54  32.1      18058
wfd_depth_scale0.70_v1.5_10yrs                          -2.44  13.2      18249      -0.29  15.8      21071       0.51  66.8      21071       0.70  33.7      21071       0.54  26.3      18291
alt_dust_v1.5_10yrs                                     -2.45  20.0      18229      -0.28  13.2      18229       0.52  95.3      18229       0.73  95.8      18229       0.55  52.6      18229
baseline_v1.5_10yrs                                     -2.46  43.7      18073      -0.30  27.4      18073       0.51  74.7      18073       0.71  72.6      18073       0.54  19.5      18073
filterdist_indx7_v1.5_10yrs                             -2.39   6.8      18761      -0.11   1.6      18761       0.51  83.2      18761       0.67   5.8      18761       0.56  82.6      18761
wfd_depth_scale0.65_v1.5_10yrs                          -2.43  10.0      16939      -0.30  29.5      20070       0.51  68.4      20070       0.69  21.1      20070       0.54  22.1      16994
descddf_v1.5_10yrs                                      -2.46  30.0      18040      -0.30  26.3      18040       0.50  32.6      18040       0.72  90.0      18040       0.54  22.6      18040
bulges_bs_v1.5_10yrs                                    -2.44  14.2      19723      -0.29  16.8      19723       0.51  77.9      19723       0.72  83.2      19723       0.55  45.3      19723
filterdist_indx2_v1.5_10yrs                             -2.47  48.4      18760      -0.30  24.7      18760       0.49  15.3      18760       0.71  61.6      18760       0.55  58.4      18760
short_exp_5ns_1expt_v1.5_10yrs                          -2.47  51.6      17887      -0.49 100.0      17887       0.49  13.7      17887       0.73  95.3      17887       0.54  42.1      17887
wfd_depth_scale0.80_noddf_v1.5_10yrs                    -2.46  29.5      18150      -0.29  22.6      18150       0.50  48.9      18150       0.71  68.4      18150       0.55  56.3      18150
wfd_depth_scale0.85_v1.5_10yrs                          -2.45  23.2      18035      -0.29  19.5      18035       0.50  64.7      18035       0.71  56.8      18035       0.54  27.9      18035
dcr_nham2_ugri_v1.5_10yrs                               -2.46  38.4      18074      -0.36  91.6      18074       0.51  66.3      18074       0.64   3.2      18074       0.53  10.0      18074
third_obs_pt45v1.5_10yrs                                -2.47  47.9      18067      -0.29  20.0      18067       0.50  34.2      18067       0.71  75.8      18067       0.54  17.4      18067
wfd_depth_scale0.65_noddf_v1.5_10yrs                    -2.45  20.5      18353      -0.30  34.2      21502       0.50  31.1      21502       0.71  63.7      21502       0.54  30.5      18402
wfd_depth_scale0.80_v1.5_10yrs                          -2.43  12.1      17971      -0.30  25.8      17971       0.50  61.1      17971       0.71  53.7      17971       0.54  26.8      17971
bulges_cadence_i_heavy_v1.5_10yrs                       -2.45  24.2      19909      -0.29  15.3      19909       0.51  84.7      19909       0.71  72.1      19909       0.55  46.3      19909
filterdist_indx8_v1.5_10yrs                             -2.46  44.7      18761      -0.31  45.3      18761       0.44   5.3      18761       0.65   4.2      18761       0.56  76.3      18761
rolling_mod6_sdf_0.10_v1.5_10yrs                        -2.46  45.3      18025      -0.23   5.8      18025       0.51  67.4      18025       0.67   6.3      18025       0.51   5.8      18025
footprint_gp_smoothv1.5_10yrs                           -2.46  46.3      18718      -0.30  28.9      18718       0.50  50.5      18718       0.70  46.8      18718       0.54  21.6      18718
twilight_neo_mod2_v1.5_10yrs                            -2.49  56.8      17877      -0.17   2.6      17877       0.49  21.1      17877       0.72  81.6      17877       0.38   1.1      17877
third_obs_pt15v1.5_10yrs                                -2.46  44.2      18073      -0.30  26.8      18073       0.51  75.3      18073       0.71  73.2      18073       0.54  20.0      18073
bulges_bulge_wfd_v1.5_10yrs                             -2.45  18.4      19925      -0.29  14.7      19925       0.50  62.6      19925       0.72  82.6      19925       0.55  50.5      19925
goodseeing_gri_v1.5_10yrs                               -2.44  12.6      18073      -0.30  24.2      18073       0.49  17.4      18073       0.70  52.6      18073       0.59  98.4      18073
rolling_mod3_sdf_0.20_v1.5_10yrs                        -2.46  31.6      18054      -0.23   6.3      18054       0.51  82.6      18054       0.69  15.3      18054       0.52   6.8      18054
short_exp_2ns_1expt_v1.5_10yrs                          -2.53  59.5      18015      -0.37  93.2      18015       0.50  25.3      18015       0.72  86.3      18015       0.54  36.8      18015
spiders_v1.5_10yrs                                      -2.46  33.2      18079      -0.30  33.7      18079       0.50  58.4      18079       0.71  55.3      18079       0.55  51.1      18079
third_obs_pt90v1.5_10yrs                                -2.46  45.8      18077      -0.30  38.4      18077       0.50  31.6      18077       0.72  86.8      18077       0.54  41.1      18077
dcr_nham1_ugr_v1.5_10yrs                                -2.47  49.5      18077      -0.33  49.5      18077       0.46   9.5      18077       0.70  26.3      18077       0.54  33.2      18077
wfd_depth_scale0.75_noddf_v1.5_10yrs                    -2.45  23.7      18332      -0.30  35.3      18541       0.50  32.1      18541       0.71  76.8      18541       0.54  38.4      18333
third_obs_pt60v1.5_10yrs                                -2.46  41.1      18075      -0.30  31.6      18075       0.50  51.6      18075       0.72  84.2      18075       0.55  44.7      18075
rolling_mod2_sdf_0.20_v1.5_10yrs                        -2.46  38.9      18056      -0.24   8.4      18056       0.51  78.4      18056       0.70  25.8      18056       0.53   8.9      18056
wfd_depth_scale0.90_noddf_v1.5_10yrs                    -2.46  37.9      18099      -0.29  22.1      18099       0.50  44.2      18099       0.72  81.1      18099       0.55  48.4      18099
wfd_depth_scale0.99_noddf_v1.5_10yrs                    -2.48  55.3      18111      -0.30  41.6      18111       0.49  19.5      18111       0.72  87.9      18111       0.55  54.7      18111
bulges_cadence_bs_v1.5_10yrs                            -2.44  15.3      19717      -0.29  21.1      19717       0.51  86.8      19717       0.71  79.5      19717       0.55  62.6      19717
third_obs_pt30v1.5_10yrs                                -2.47  51.1      18075      -0.29  21.6      18075       0.50  42.6      18075       0.71  74.2      18075       0.54  16.3      18075
wfd_depth_scale0.99_v1.5_10yrs                          -2.48  55.8      18096      -0.30  38.9      18096       0.50  23.2      18096       0.71  66.3      18096       0.55  57.4      18096
filterdist_indx5_v1.5_10yrs                             -2.45  19.5      18760      -0.31  44.7      18760       0.46  10.0      18760       0.48   0.5      18760       0.55  43.7      18760
roll_mod2_dust_sdf_0.20_v1.5_10yrs                      -2.43  11.6      18164      -0.23   7.4      18164       0.52  94.7      18164       0.71  65.3      18164       0.54  23.7      18164
baseline_nexp2_scaleddown_v1.6_10yrs                    -2.58  95.3      17911      -0.34  74.7      17911       0.50  24.2      17911       0.70  28.4      17911       0.56  90.0      17911
rolling_fpo_3nslice0.8_v1.6_10yrs                       -2.46  39.5      18090      -0.30  30.0      18090       0.51  80.5      18090       0.71  64.7      18090       0.55  56.8      18090
rolling_fpo_2nslice0.8_v1.6_10yrs                       -2.45  28.4      18070      -0.29  20.5      18070       0.51  87.9      18070       0.70  51.1      18070       0.54  41.6      18070
combo_dust_v1.6_10yrs                                   -2.44  16.8      19442      -0.29  23.2      19442       0.53  96.8      19442       0.72  91.1      19442       0.55  63.2      19442
ss_heavy_v1.6_10yrs                                     -2.39   6.3      18323      -0.34  63.2      18323       0.57  98.9      18323       0.63   2.6      18323       0.57  93.2      18323
rolling_fpo_6nslice0.9_v1.6_10yrs                       -2.46  34.7      18093      -0.31  47.4      18093       0.51  79.5      18093       0.71  71.6      18093       0.56  82.1      18093
baseline_nexp1_v1.6_10yrs                               -2.45  18.9      18078      -0.30  36.8      18078       0.51  87.4      18078       0.70  47.9      18078       0.56  92.1      18078
even_filters_g_v1.6_10yrs                               -2.26   2.6      18069      -0.39  95.8      18069       0.43   2.6      18069       0.71  53.2      18069       0.48   3.2      18069
rolling_fpo_2nslice1.0_v1.6_10yrs                       -2.45  27.4      18075      -0.29  16.3      18075       0.51  80.0      18075       0.70  48.9      18075       0.55  47.4      18075
rolling_fpo_3nslice1.0_v1.6_10yrs                       -2.45  25.8      18092      -0.30  36.3      18092       0.51  78.9      18092       0.71  55.8      18092       0.55  60.5      18092
ddf_heavy_v1.6_10yrs                                    -2.43  11.1      17783      -0.31  44.2      17783       0.53  97.4      17783       0.68   6.8      17783       0.55  47.9      17783
even_filters_altv1.6_10yrs                              -2.40   7.4      18067      -0.30  40.0      18067       0.49  15.8      18067       0.71  71.1      18067       0.49   4.2      18067
rolling_exgal_mod2_dust_sdf_0.80_v1.6_10yrs             -2.45  24.7      18424      -0.28  13.7      18424       0.53  95.8      18424       0.72  92.1      18424       0.56  70.5      18424
combo_dust_nexp2_v1.6_10yrs                             -2.56  64.7      18994      -0.33  55.3      18994       0.52  88.4      18994       0.71  60.5      18994       0.55  67.9      18994
dm_heavy_v1.6_10yrs                                     -2.45  26.3      18077      -0.35  90.5      18077       0.44   3.7      18077       0.70  42.1      18077       0.61  99.5      18077
even_filtersv1.6_10yrs                                  -2.38   5.8      18078      -0.31  46.8      18078       0.48  12.1      18078       0.71  65.8      18078       0.49   3.7      18078
mw_heavy_v1.6_10yrs                                     -2.44  17.9      18553      -0.30  42.6      18553       0.51  70.0      18553       0.71  67.4      18553       0.56  83.7      18553
rolling_fpo_6nslice1.0_v1.6_10yrs                       -2.47  48.9      18096      -0.31  46.3      18096       0.51  77.4      18096       0.71  70.5      18096       0.55  69.5      18096
baseline_nexp2_v1.6_10yrs                               -2.57  83.7      17829      -0.34  78.4      17829       0.50  46.8      17829       0.70  36.8      17829       0.55  50.0      17829
dm_heavy_nexp2_v1.6_10yrs                               -2.57  85.8      17834      -0.38  94.2      17834       0.43   1.1      17834       0.69  11.6      17834       0.60  98.9      17834
rolling_fpo_6nslice0.8_v1.6_10yrs                       -2.46  35.8      18097      -0.32  47.9      18097       0.51  73.7      18097       0.71  62.1      18097       0.56  87.4      18097
rolling_fpo_2nslice0.9_v1.6_10yrs                       -2.45  26.8      18075      -0.30  31.1      18075       0.52  92.6      18075       0.70  44.2      18075       0.54  38.9      18075
mw_heavy_nexp2_v1.6_10yrs                               -2.57  77.4      18314      -0.34  80.0      18314       0.50  56.3      18314       0.69  16.8      18314       0.55  68.4      18314
ss_heavy_nexp2_v1.6_10yrs                               -2.50  57.9      18200      -0.38  95.3      18200       0.55  98.4      18200       0.63   1.6      18200       0.56  91.1      18200
rolling_fpo_3nslice0.9_v1.6_10yrs                       -2.45  28.9      18091      -0.30  37.9      18091       0.51  73.2      18091       0.71  56.3      18091       0.55  64.2      18091
ddf_heavy_nexp2_v1.6_10yrs                              -2.55  63.7      17451      -0.35  84.2      17451       0.52  91.1      17451       0.67   4.7      17451       0.54  18.4      17451
rolling_exgal_mod2_dust_sdf_0.80_nexp2_v1.6_10yrs       -2.56  65.8      18073      -0.32  48.4      18073       0.51  83.7      18073       0.71  78.9      18073       0.55  60.0      18073
barebones_nexp2_v1.6_10yrs                              -2.55  64.2      18099      -0.34  69.5      18099       0.44   5.8      18099       0.74  97.9      18099       0.51   6.3      18099
barebones_v1.6_10yrs                                    -2.45  25.3      18112      -0.27  10.0      18112       0.45   7.4      18112       0.76  98.9      18112       0.50   4.7      18112
even_filters_alt_g_v1.6_10yrs                           -2.28   3.7      18069      -0.38  94.7      18069       0.44   4.7      18069       0.71  60.0      18069       0.48   2.6      18069
rolling_nm_scale0.6_nslice2_v1.7_10yrs                  -2.58  94.7      17802      -0.34  57.9      17802       0.50  43.7      17802       0.70  41.6      17802       0.54  15.8      17802
ddf_dither0.70_v1.7_10yrs                               -2.58  89.5      17805      -0.34  68.9      17805       0.50  38.9      17805       0.70  23.7      17805       0.56  77.9      17805
rolling_scale0.9_nslice3_v1.7_10yrs                     -2.58  88.9      17810      -0.33  53.2      17810       0.50  36.8      17810       0.70  48.4      17810       0.54  27.4      17810
ddf_dither1.00_v1.7_10yrs                               -2.56  73.2      17809      -0.35  88.4      17809       0.50  53.7      17809       0.70  22.6      17809       0.56  81.6      17809
ddf_dither0.05_v1.7_10yrs                               -2.57  84.7      17801      -0.34  75.3      17801       0.50  26.8      17801       0.70  27.9      17801       0.56  88.9      17801
euclid_dither2_v1.7_10yrs                               -2.58  92.6      17804      -0.34  75.8      17804       0.50  41.1      17804       0.70  28.9      17804       0.55  66.3      17804
ddf_dither0.00_v1.7_10yrs                               -2.56  68.4      17803      -0.35  81.1      17803       0.50  54.7      17803       0.69  17.9      17803       0.55  68.9      17803
twi_pairs_mixed_repeat_v1.7_10yrs                       -2.57  75.3      17801      -0.34  79.5      17801       0.49  14.2      17801       0.72  85.8      17801       0.54  18.9      17801
u_long_ms_60_v1.7_10yrs                                 -1.88   0.5      17743      -0.34  60.0      17743       0.52  88.9      17743       0.68   9.5      17743       0.56  79.5      17743
rolling_nm_scale0.9_nslice3_v1.7_10yrs                  -2.56  71.6      17807      -0.34  60.5      17807       0.50  55.3      17807       0.70  46.3      17807       0.54  21.1      17807
rolling_scale0.6_nslice2_v1.7_10yrs                     -2.57  78.4      17809      -0.34  61.6      17809       0.50  29.5      17809       0.70  42.6      17809       0.55  45.8      17809
twi_neo_pattern1_v1.7_10yrs                             -2.54  60.5      13612      -0.37  92.6      13612       0.50  48.4      13612       0.69  20.0      13612       0.56  71.6      13612
cadence_drive_gl30v1.7_10yrs                            -2.49  56.3      17794      -0.40  96.8      17794       0.46   8.4      17794       0.69  19.5      17794       0.56  89.5      17794
twi_neo_pattern4_v1.7_10yrs                             -2.56  72.1      17744      -0.35  88.9      17744       0.50  64.2      17744       0.69  17.4      17744       0.56  75.3      17744
twi_pairs_mixed_v1.7_10yrs                              -2.56  67.9      17811      -0.35  86.3      17811       0.48  13.2      17811       0.72  92.6      17811       0.54  34.7      17811
cadence_drive_gl200v1.7_10yrs                           -2.57  85.3      17772      -0.34  58.4      17772       0.43   3.2      17772       0.68   7.4      17772       0.53  14.2      17772
ddf_dither2.00_v1.7_10yrs                               -2.56  68.9      17820      -0.35  84.7      17820       0.50  40.5      17820       0.70  38.4      17820       0.55  65.8      17820
ddf_dither1.50_v1.7_10yrs                               -2.57  79.5      17807      -0.34  71.6      17807       0.50  21.6      17807       0.69  22.1      17807       0.56  86.8      17807
twi_neo_pattern6_v1.7_10yrs                             -2.57  74.7      17708      -0.35  82.6      17708       0.50  59.5      17708       0.70  25.3      17708       0.56  84.7      17708
rolling_scale0.8_nslice3_v1.7_10yrs                     -2.57  80.0      17807      -0.34  70.5      17807       0.50  57.9      17807       0.70  49.5      17807       0.53  13.7      17807
u_long_ms_40_v1.7_10yrs                                 -2.16   2.1      17791      -0.33  56.3      17791       0.51  85.3      17791       0.69  14.7      17791       0.56  75.8      17791
rolling_nm_scale1.0_nslice3_v1.7_10yrs                  -2.57  78.9      17806      -0.33  50.0      17806       0.50  34.7      17806       0.70  45.3      17806       0.53  10.5      17806
baseline_nexp2_v1.7_10yrs                               -2.58  90.5      17805      -0.34  67.4      17805       0.50  38.4      17805       0.70  23.2      17805       0.56  78.4      17805
rolling_scale0.2_nslice3_v1.7_10yrs                     -2.57  86.3      17806      -0.34  73.2      17806       0.50  28.9      17806       0.70  34.7      17806       0.55  55.3      17806
twi_neo_pattern3_v1.7_10yrs                             -2.56  72.6      17736      -0.35  83.2      17736       0.50  28.4      17736       0.69  21.6      17736       0.56  83.2      17736
rolling_scale0.4_nslice3_v1.7_10yrs                     -2.58  95.8      17801      -0.34  76.3      17801       0.50  26.3      17801       0.70  50.0      17801       0.54  35.8      17801
u_long_ms_30_v1.7_10yrs                                 -2.35   4.7      17867      -0.34  78.9      17867       0.50  63.2      17867       0.70  32.6      17867       0.56  90.5      17867
rolling_nm_scale0.8_nslice3_v1.7_10yrs                  -2.57  84.2      17801      -0.34  58.9      17801       0.50  58.9      17801       0.70  34.2      17801       0.53  11.1      17801
cadence_drive_gl100_gcbv1.7_10yrs                       -2.43   9.5      17802      -0.47  97.9      17802       0.44   6.8      17802       0.68  10.5      17802       0.57  95.3      17802
euclid_dither5_v1.7_10yrs                               -2.57  76.8      17798      -0.34  62.1      17798       0.50  47.4      17798       0.70  31.6      17798       0.55  67.4      17798
rolling_nm_scale0.2_nslice3_v1.7_10yrs                  -2.58  93.2      17810      -0.34  71.1      17810       0.50  41.6      17810       0.71  57.4      17810       0.54  33.7      17810
rolling_scale1.0_nslice3_v1.7_10yrs                     -2.57  80.5      17809      -0.33  51.6      17809       0.50  50.0      17809       0.70  27.4      17809       0.54  29.5      17809
rolling_nm_scale0.4_nslice3_v1.7_10yrs                  -2.56  73.7      17801      -0.34  64.2      17801       0.50  35.3      17801       0.70  43.7      17801       0.54  30.0      17801
footprint_0_v1.710yrs                                   -2.55  61.6      17885      -0.35  81.6      17885       0.51  74.2      17885       0.71  77.4      17885       0.56  70.0      17885
rolling_nm_scale0.2_nslice2_v1.7_10yrs                  -2.57  77.9      17806      -0.34  72.1      17806       0.50  30.5      17806       0.70  39.5      17806       0.55  61.1      17806
rolling_scale1.0_nslice2_v1.7_10yrs                     -2.58  91.6      17804      -0.33  54.7      17804       0.50  27.4      17804       0.70  40.5      17804       0.53  14.7      17804
cadence_drive_gl100v1.7_10yrs                           -2.42   7.9      17777      -0.48  98.9      17777       0.44   6.3      17777       0.68  10.0      17777       0.57  94.7      17777
euclid_dither1_v1.7_10yrs                               -2.58  90.0      17805      -0.34  67.9      17805       0.50  37.9      17805       0.70  24.7      17805       0.56  77.4      17805
footprint_1_v1.710yrs                                   -2.55  63.2      17928      -0.35  83.7      17928       0.51  76.8      17928       0.71  80.0      17928       0.56  85.3      17928
rolling_nm_scale0.4_nslice2_v1.7_10yrs                  -2.57  86.8      17801      -0.34  57.4      17801       0.50  35.8      17801       0.70  40.0      17801       0.54  40.5      17801
rolling_nm_scale0.8_nslice2_v1.7_10yrs                  -2.57  83.2      17808      -0.33  52.6      17808       0.50  25.8      17808       0.70  37.9      17808       0.54  23.2      17808
footprint_3_v1.710yrs                                   -2.56  67.4      18027      -0.34  66.3      18027       0.51  71.1      18027       0.71  59.5      18027       0.56  80.0      18027
footprint_2_v1.710yrs                                   -2.56  70.0      17728      -0.33  51.1      17728       0.51  70.5      17728       0.71  74.7      17728       0.56  86.3      17728
euclid_dither4_v1.7_10yrs                               -2.57  74.2      17801      -0.34  80.5      17801       0.50  27.9      17801       0.70  38.9      17801       0.56  73.7      17801
ddf_dither0.30_v1.7_10yrs                               -2.57  81.6      17796      -0.34  73.7      17796       0.50  63.7      17796       0.69  18.4      17796       0.56  72.1      17796
footprint_7_v1.710yrs                                   -2.57  76.3      17543      -0.33  52.1      17543       0.51  76.3      17543       0.71  76.3      17543       0.56  88.4      17543
rolling_nm_scale1.0_nslice2_v1.7_10yrs                  -2.56  69.5      17811      -0.33  55.8      17811       0.51  68.9      17811       0.70  31.1      17811       0.53  13.2      17811
rolling_scale0.2_nslice2_v1.7_10yrs                     -2.58  88.4      17805      -0.34  76.8      17805       0.49  20.5      17805       0.71  62.6      17805       0.55  54.2      17805
twi_neo_pattern2_v1.7_10yrs                             -2.56  65.3      17697      -0.35  89.5      17697       0.50  51.1      17697       0.70  32.1      17697       0.56  85.8      17697
rolling_scale0.4_nslice2_v1.7_10yrs                     -2.58  96.3      17811      -0.34  70.0      17811       0.50  30.0      17811       0.70  51.6      17811       0.55  43.2      17811
pair_times_55_v1.7_10yrs                                -2.54  61.1      17898      -0.35  87.9      17898       0.52  90.0      17898       0.69  12.1      17898       0.57  93.7      17898
footprint_6_v1.710yrs                                   -2.56  70.5      18044      -0.34  74.2      18044       0.50  43.2      18044       0.72  84.7      18044       0.55  66.8      18044
u_long_ms_50_v1.7_10yrs                                 -1.99   1.6      17777      -0.34  77.4      17777       0.51  86.3      17777       0.69  13.2      17777       0.56  74.7      17777
twi_neo_pattern7_v1.7_10yrs                             -2.56  71.1      17733      -0.35  87.4      17733       0.50  33.2      17733       0.70  29.5      17733       0.56  84.2      17733
rolling_scale0.8_nslice2_v1.7_10yrs                     -2.58  96.8      17789      -0.33  54.2      17789       0.50  39.5      17789       0.70  41.1      17789       0.54  24.2      17789
cadence_drive_gl30_gcbv1.7_10yrs                        -2.50  57.4      17798      -0.39  96.3      17798       0.46   8.9      17798       0.69  20.5      17798       0.57  92.6      17798
footprint_4_v1.710yrs                                   -2.57  82.6      17334      -0.34  63.7      17334       0.50  46.3      17334       0.71  58.4      17334       0.55  53.2      17334
pair_times_44_v1.7_10yrs                                -2.54  60.0      17870      -0.35  82.1      17870       0.51  72.1      17870       0.69  11.1      17870       0.56  76.8      17870
footprint_5_v1.710yrs                                   -2.56  66.8      18027      -0.34  65.8      18027       0.51  71.6      18027       0.71  58.9      18027       0.56  80.5      18027
twi_pairs_repeat_v1.7_10yrs                             -2.58  97.9      17809      -0.33  50.5      17809       0.49  14.7      17809       0.71  69.5      17809       0.54  40.0      17809
twi_neo_pattern5_v1.7_10yrs                             -2.55  62.6      17680      -0.35  85.8      17680       0.50  62.1      17680       0.69  18.9      17680       0.56  71.1      17680
twi_pairs_v1.7_10yrs                                    -2.58  93.7      17815      -0.34  64.7      17815       0.48  12.6      17815       0.72  82.1      17815       0.55  51.6      17815
cadence_drive_gl200_gcbv1.7_10yrs                       -2.57  75.8      17808      -0.35  86.8      17808       0.43   1.6      17808       0.68   8.4      17808       0.53  12.1      17808
pair_times_33_v1.7_10yrs                                -2.55  62.1      17854      -0.35  85.3      17854       0.51  82.1      17854       0.69  16.3      17854       0.56  73.2      17854
rolling_nm_scale0.9_nslice2_v1.7_10yrs                  -2.58  87.9      17799      -0.32  48.9      17799       0.50  52.6      17799       0.70  35.3      17799       0.53  11.6      17799
rolling_scale0.6_nslice3_v1.7_10yrs                     -2.58  92.1      17805      -0.34  61.1      17805       0.50  42.1      17805       0.70  44.7      17805       0.54  35.3      17805
baseline_nexp1_v1.7_10yrs                               -2.46  32.6      18056      -0.30  42.1      18056       0.52  91.6      18056       0.71  57.9      18056       0.56  74.2      18056
pair_times_22_v1.7_10yrs                                -2.58  91.1      17805      -0.34  68.4      17805       0.50  37.4      17805       0.70  24.2      17805       0.56  78.9      17805
pair_times_11_v1.7_10yrs                                -2.58  94.2      17717      -0.34  77.9      17717       0.49  18.9      17717       0.70  35.8      17717       0.55  44.2      17717
footprint_8_v1.710yrs                                   -2.56  66.3      17904      -0.34  56.8      17904       0.51  85.8      17904       0.71  78.4      17904       0.56  91.6      17904
ddf_dither0.10_v1.7_10yrs                               -2.57  82.1      17811      -0.34  66.8      17811       0.50  40.0      17811       0.70  33.2      17811       0.55  64.7      17811
rolling_nm_scale0.6_nslice3_v1.7_10yrs                  -2.57  81.1      17807      -0.34  65.3      17807       0.50  24.7      17807       0.70  47.4      17807       0.54  28.9      17807
rolling_scale0.9_nslice2_v1.7_10yrs                     -2.58  98.4      17799      -0.33  53.7      17799       0.51  65.8      17799       0.70  30.5      17799       0.54  24.7      17799
euclid_dither3_v1.7_10yrs                               -2.57  87.4      17802      -0.34  72.6      17802       0.50  33.7      17802       0.70  26.8      17802       0.56  81.1      17802
baseline_samefilt_v1.5_10yrs                            -2.35   5.3      18093      -0.29  17.9      18093       0.45   7.9      18093       0.75  98.4      18093       0.52   7.4      18093
