# Redshift u-g g-r r-i i-z z-y y-Y Y-J J-H H-W1 W1-W2
0.2000 nan nan nan nan nan nan nan nan nan nan
0.2500 nan nan nan nan nan nan nan nan nan nan
0.3000 nan nan nan nan nan nan nan nan nan nan
0.3500 nan nan nan nan nan nan nan nan nan nan
0.4000 nan nan nan nan nan nan nan nan nan nan
0.4500 nan nan nan nan nan nan nan nan nan nan
0.5000 nan nan nan nan nan nan nan nan nan nan
0.5500 nan nan nan nan nan nan nan nan nan nan
0.6000 nan nan nan nan nan nan nan nan nan nan
0.6500 nan nan nan nan nan nan nan nan nan nan
0.7000 0.3572 0.0794 0.1992 0.2121 0.0611 0.2797 0.1059 0.3504 3.3439 0.7794
0.7500 0.3362 0.1020 0.1278 0.2537 0.0336 0.2876 0.0924 0.3504 3.3656 0.7911
0.8000 0.3024 0.1218 0.0693 0.2954 -0.0111 0.3055 0.1666 0.2553 3.3927 0.8046
0.8500 0.2675 0.1340 0.0342 0.2976 0.0070 0.2260 0.2380 0.2175 3.4254 0.8197
0.9000 0.2306 0.1518 0.0151 0.2460 0.1130 0.0493 0.3457 0.1940 3.4511 0.8362
0.9500 0.1817 0.1953 0.0031 0.1736 0.1814 0.0243 0.3398 0.1694 3.4746 0.8545
1.0000 0.1227 0.2578 -0.0127 0.1203 0.2162 0.0238 0.3272 0.1405 3.4894 0.8783
1.0500 0.1064 0.2871 -0.0095 0.0626 0.2383 0.0234 0.3271 0.1247 3.4821 0.9124
1.1000 0.1102 0.2861 0.0131 0.0070 0.2272 0.0533 0.3123 0.1142 3.4830 0.9413
1.1500 0.0858 0.2798 0.0364 -0.0379 0.2136 0.0778 0.3008 0.1010 3.4806 0.9718
1.2000 0.0414 0.2816 0.0489 -0.0393 0.1494 0.1268 0.2887 0.0839 3.4701 1.0091
1.2500 0.0009 0.2934 0.0478 -0.0278 0.0995 0.1460 0.2858 0.0757 3.4480 1.0435
1.3000 -0.0330 0.3043 0.0427 -0.0155 0.0534 0.1593 0.2820 0.0965 3.4039 1.0720
1.3500 -0.0591 0.3045 0.0500 0.0059 0.0047 0.1812 0.2820 0.1996 3.2841 1.0873
1.4000 -0.0734 0.2941 0.0634 0.0248 -0.0289 0.1875 0.2155 0.2747 3.2506 1.1057
1.4500 -0.0661 0.2581 0.1167 0.0196 -0.0400 0.1725 0.1938 0.3269 3.2405 1.1091
1.5000 -0.0163 0.2020 0.1941 -0.0028 -0.0314 0.1331 0.2171 0.3404 3.2346 1.1112
1.5500 0.0674 0.1522 0.2298 0.0036 -0.0264 0.0956 0.2504 0.3470 3.2310 1.1086
1.6000 0.1575 0.1119 0.2369 0.0243 -0.0221 0.0836 0.2629 0.3522 3.2397 1.0966
1.6500 0.1922 0.0763 0.2468 0.0264 -0.0061 0.0551 0.2658 0.3565 3.2415 1.0937
1.7000 0.1502 0.0477 0.2584 0.0159 0.0185 0.0201 0.2657 0.3458 3.2406 1.0917
1.7500 0.0874 0.0261 0.2749 0.0093 0.0329 0.0081 0.2566 0.3480 3.2444 1.0808
1.8000 0.0452 0.0067 0.2909 0.0084 0.0415 -0.0049 0.2453 0.3512 3.2407 1.0672
1.8500 0.0130 0.0021 0.2920 0.0113 0.0483 -0.0234 0.2179 0.3356 3.2130 1.0678
1.9000 -0.0200 0.0175 0.2594 0.0541 0.0318 -0.0343 0.1582 0.3017 3.1442 1.0841
1.9500 -0.0533 0.0370 0.2094 0.1357 -0.0053 -0.0282 0.1329 0.2947 3.1325 1.0734
2.0000 -0.0797 0.0440 0.1811 0.1874 -0.0370 -0.0158 0.1088 0.2796 3.1292 1.0629
2.0500 -0.0942 0.0458 0.1671 0.2071 -0.0553 0.0036 0.0856 0.1913 3.1802 1.0492
2.1000 -0.0875 0.0490 0.1502 0.2174 -0.0569 0.0155 0.0723 0.1185 3.2270 1.0301
2.1500 -0.0382 0.0512 0.1281 0.2252 -0.0489 0.0184 0.0566 0.1199 3.1965 1.0151
2.2000 0.0736 0.0443 0.1067 0.2303 -0.0366 0.0232 0.0386 0.1169 3.1852 0.9972
2.2500 0.2260 0.0247 0.0842 0.2307 0.0016 0.0100 0.0102 0.1321 3.1799 0.9814
2.3000 0.3929 0.0008 0.0635 0.2109 0.0925 -0.0419 0.0013 0.1334 3.1659 0.9678
2.3500 0.5208 -0.0160 0.0436 0.1905 0.1554 -0.0622 -0.0034 0.1313 3.1538 0.9541
2.4000 0.5759 -0.0206 0.0224 0.1917 0.1764 -0.0473 -0.0247 0.1339 3.1470 0.9419
2.4500 0.5907 -0.0077 -0.0003 0.1997 0.1787 -0.0262 -0.0416 0.1343 3.1480 0.9323
2.5000 0.5879 0.0250 -0.0270 0.2060 0.1690 -0.0075 -0.0464 0.1417 3.1336 0.9337
2.5500 0.5737 0.0787 -0.0537 0.2016 0.1576 0.0097 -0.0399 0.1440 3.1131 0.9375
2.6000 0.5622 0.1274 -0.0540 0.1750 0.1480 0.0293 -0.0311 0.1381 3.1061 0.9360
2.6500 0.5689 0.1622 -0.0319 0.1293 0.1469 0.0497 -0.0308 0.1353 3.0993 0.9363
2.7000 0.6043 0.1744 -0.0006 0.0819 0.1518 0.0665 -0.0213 0.1235 3.0856 0.9398
2.7500 0.6669 0.1815 0.0168 0.0467 0.1604 0.0782 -0.0108 0.1110 3.0658 0.9483
2.8000 0.7502 0.1884 0.0263 0.0196 0.1729 0.0851 -0.0036 0.0954 3.0501 0.9570
2.8500 0.8480 0.1978 0.0343 -0.0038 0.1828 0.0907 -0.0000 0.0862 3.0337 0.9616
2.9000 0.9607 0.2140 0.0358 -0.0179 0.1863 0.0975 0.0048 0.0760 3.0136 0.9638
2.9500 1.0825 0.2367 0.0309 -0.0239 0.1873 0.1057 0.0108 0.0670 2.9867 0.9646
3.0000 1.2178 0.2613 0.0205 -0.0244 0.1862 0.1148 0.0180 0.0467 2.9709 0.9650
3.0500 1.3730 0.2866 0.0269 -0.0386 0.1777 0.1295 0.0248 0.0358 2.9743 0.9643
3.1000 1.5588 0.3101 0.0326 -0.0448 0.1596 0.1466 0.0345 0.0231 2.9787 0.9646
3.1500 1.8081 0.3314 0.0417 -0.0470 0.1358 0.1614 0.0545 -0.0114 2.9865 0.9653
3.2000 2.1379 0.3533 0.0515 -0.0418 0.1062 0.1759 0.0831 -0.0291 2.9965 0.9644
3.2500 2.5715 0.3754 0.0523 -0.0129 0.0639 0.1858 0.1008 -0.0303 3.0231 0.9489
3.3000 3.1326 0.4045 0.0418 0.0369 0.0123 0.1889 0.1203 -0.0315 3.0602 0.9266
3.3500 3.8846 0.4457 0.0312 0.0832 -0.0332 0.1733 0.1507 -0.0315 3.0765 0.9244
3.4000 5.0935 0.4997 0.0446 0.0935 -0.0586 0.1522 0.1796 -0.0306 3.0903 0.9267
3.4500 7.2224 0.5806 0.0804 0.0713 -0.0676 0.1393 0.1962 -0.0293 3.1140 0.9207
3.5000 inf 0.6975 0.1142 0.0365 -0.0729 0.1318 0.2068 -0.0238 3.1359 0.9150
3.5500 inf 0.8296 0.1345 0.0124 -0.0783 0.1292 0.2113 -0.0174 3.1504 0.9101
3.6000 inf 0.9591 0.1342 0.0071 -0.0817 0.1273 0.2129 -0.0162 3.1554 0.9050
3.6500 inf 1.0561 0.1313 0.0127 -0.0824 0.1211 0.2177 -0.0180 3.1420 0.8967
3.7000 inf 1.1112 0.1445 0.0121 -0.0761 0.1107 0.2249 -0.0124 3.1226 0.8921
3.7500 inf 1.1556 0.1598 0.0076 -0.0587 0.0933 0.2319 -0.0047 3.1206 0.8777
3.8000 inf 1.1951 0.1777 -0.0067 -0.0121 0.0573 0.2380 0.0055 3.1320 0.8529
3.8500 inf 1.2297 0.1986 -0.0281 0.0553 0.0096 0.2435 0.0143 3.1397 0.8349
3.9000 inf 1.2637 0.2152 -0.0382 0.1035 -0.0197 0.2452 0.0199 3.1419 0.8188
3.9500 inf 1.2955 0.2469 -0.0447 0.1292 -0.0360 0.2405 0.0263 3.1277 0.8001
4.0000 inf 1.3326 0.2906 -0.0541 0.1377 -0.0339 0.2263 0.0338 3.1408 0.7969
4.0500 inf 1.3736 0.3269 -0.0489 0.1378 -0.0316 0.2253 0.0859 3.5296 0.9645
4.1000 inf 1.4156 0.3545 -0.0365 0.1330 -0.0314 0.2214 0.0916 3.5250 0.9526
4.1500 inf 1.4644 0.3785 -0.0199 0.1218 -0.0263 0.2167 0.0953 3.4967 0.9378
4.2000 inf 1.5177 0.3992 0.0123 0.0978 -0.0203 0.2159 0.1123 3.5684 0.9615
4.2500 inf 1.5783 0.3999 0.0779 0.0516 -0.0149 0.2077 0.0582 2.9911 0.5793
4.3000 inf 1.6468 0.3993 0.1630 -0.0051 -0.0058 0.2035 0.0657 2.9509 0.5093
4.3500 inf 1.7179 0.4061 0.2424 -0.0606 0.0077 0.1966 0.0807 2.9784 0.5290
4.4000 inf 1.7940 0.4303 0.2905 -0.1000 0.0230 0.1894 0.0932 2.9439 0.5035
4.4500 inf 1.8634 0.4804 0.3076 -0.1238 0.0416 0.1803 0.1164 2.9050 0.4928
4.5000 inf 1.9244 0.5652 0.2941 -0.1331 0.0540 0.1711 0.1366 2.8760 0.4754
4.5500 inf 1.9577 0.6964 0.2598 -0.1312 0.0603 0.1601 0.1516 2.8703 0.4658
4.6000 inf 1.9532 0.8839 0.2057 -0.1208 0.0623 0.1454 0.1688 2.8613 0.4581
4.6500 inf 1.9370 1.0966 0.1509 -0.1038 0.0599 0.1243 0.1912 2.8553 0.4579
4.7000 inf 1.9594 1.2734 0.1065 -0.0884 0.0614 0.1102 0.2028 2.8304 0.4783
4.7500 inf 2.0228 1.4109 0.0855 -0.0723 0.0617 0.0978 0.2102 2.7797 0.5334
4.8000 inf 2.1660 1.4653 0.0965 -0.0541 0.0593 0.0881 0.2152 2.6945 0.5888
4.8500 inf 2.3836 1.4576 0.1327 -0.0314 0.0492 0.0810 0.2187 2.6551 0.6339
4.9000 inf 2.6868 1.4382 0.1620 0.0221 0.0159 0.0768 0.2218 2.6341 0.6618
4.9500 inf 3.0776 1.4215 0.1723 0.1122 -0.0382 0.0723 0.2251 2.6312 0.6750
5.0000 inf 3.5711 1.4124 0.1684 0.2017 -0.0790 0.0663 0.2281 2.6309 0.6887
