 15.7  16.5  17.5  18.5  19.5  20.5  21.5  22.5  23.5  24.5  25.5  26.3 
  0.3   1.0   2.0   3.0   4.0   5.0   6.0   6.7 
     16        2316        1736         285          39           5           1           0        4382
     17       16911       17199        2889         336          39           5           0       37380
     18      111254      155462       27280        2723         256          29           2      297006
     19      553156      954906      228859       21997        1690         156           8     1760771
     20     1016626     1337767      664867      147243       11144         851          36     3178534
     21      735827      601609      323094      253899       62381        4642         164     1981616
     22      364630      228246       70506       66588       99774       22697         753      853195
     23      124428       87661       14841        7985       20536       36674        3445      295570
     24       17167       33026        3195         937        1407       14626       12603       82961
     25          -0        3550         703         113          92        1328        9255       15042
     26          -0          17         110          13           6          43         587         776
Total       2942316     3421179     1336628      501874      197331       81054       26853     8507235
