 15.7  16.5  17.5  18.5  19.5  20.5  21.5  22.5  23.5  24.5  25.5  26.3 
  0.3   1.0   2.0   3.0   4.0   5.0   6.0   6.7 
     16        1586        1836         435          84          14           2           0        3958
     17        9327       14600        3603         609          82          12           2       28235
     18       44167       89170       24116        3820         432          52           7      161764
     19      150417      325553      105195       19509        2082         214          23      602993
     20      319490      624986      235518       62179        8142         795          73     1251184
     21      486621      859906      343371      118786       22180        2497         219     1833580
     22      553569      997776      404041      169107       43599        6439         593     2175124
     23      445856     1016040      412787      203416       66866       13679        1514     2160159
     24      266044      966779      404583      217141       86251       23507        3373     1967679
     25      185306      901619      546310      256346      100002       32619        6149     2028352
     26      116666      470603      407416      242986      101275       32321        6101     1377369
Total       2579049     6268868     2887377     1293983      430927      112139       18055    13590397
