 15.7  15.8  15.9  16.0  16.1  16.2  16.3  16.4  16.5  16.6  16.7  16.8  16.9  17.0  17.1  17.2  17.3  17.4  17.5  17.6  17.7  17.8  17.9  18.0  18.1  18.2  18.3  18.4  18.5  18.6  18.7  18.8  18.9  19.0  19.1  19.2  19.3  19.4  19.5  19.6  19.7  19.8  19.9  20.0  20.1  20.2  20.3  20.4  20.5  20.6  20.7  20.8  20.9  21.0  21.1  21.2  21.3  21.4  21.5  21.6  21.7  21.8  21.9  22.0  22.1  22.2  22.3  22.4  22.5  22.6  22.7  22.8  22.9  23.0  23.1  23.2  23.3  23.4  23.5  23.6  23.7  23.8  23.9  24.0  24.1  24.2  24.3  24.4  24.5  24.6  24.7  24.8  24.9  25.0  25.1  25.2  25.3  25.4  25.5  25.6  25.7  25.8  25.9  26.0  26.1  26.2  26.3 
  0.1   0.2   0.3   0.4   0.5   0.6   0.7   0.8   0.9   1.0   1.1   1.2   1.3   1.4   1.5   1.6   1.7   1.8   1.9   2.0   2.1   2.2   2.3   2.4   2.5   2.6   2.7   2.8   2.9   3.0   3.1   3.2   3.3   3.4   3.5   3.6   3.7   3.8   3.9   4.0   4.1 
       21.03       21.33       20.50       18.97       17.02       15.18       14.71       15.32       15.71       15.52       14.90       13.97       12.83       11.52       10.15        8.78        7.46        6.25        5.15        4.27        3.54        2.91        2.37        1.92        1.56        1.26        1.03        0.85        0.71        0.61        0.54        0.49        0.45        0.43        0.42         nan         nan         nan         nan         nan
       23.64       24.38       23.72       22.17       20.08       18.04       17.60       18.45       19.02       18.87       18.19       17.10       15.75       14.17       12.50       10.83        9.21        7.71        6.37        5.27        4.37        3.59        2.92        2.37        1.91        1.55        1.26        1.04        0.86        0.73        0.64        0.58        0.54        0.51        0.49         nan         nan         nan         nan         nan
       26.54       27.85       27.43       25.90       23.67       21.44       21.06       22.21       23.01       22.94       22.19       20.94       19.32       17.43       15.40       13.35       11.37        9.52        7.86        6.50        5.39        4.42        3.60        2.91        2.35        1.90        1.55        1.26        1.05        0.88        0.76        0.68        0.63        0.59        0.57         nan         nan         nan         nan         nan
       29.77       31.79       31.71       30.25       27.89       25.46       25.18       26.72       27.83       27.87       27.07       25.62       23.71       21.43       18.96       16.46       14.03       11.75        9.70        8.02        6.65        5.45        4.43        3.58        2.89        2.34        1.89        1.54        1.27        1.06        0.91        0.80        0.73        0.69        0.66         nan         nan         nan         nan         nan
       33.36       36.26       36.63       35.32       32.85       30.23       30.10       32.14       33.65       33.85       33.01       31.34       29.08       26.34       23.35       20.29       17.30       14.50       11.96        9.89        8.21        6.72        5.46        4.41        3.55        2.87        2.32        1.88        1.54        1.28        1.09        0.95        0.86        0.79        0.76         nan         nan         nan         nan         nan
       37.34       41.33       42.29       41.20       38.67       35.87       35.98       38.64       40.68       41.11       40.24       38.33       35.66       32.36       28.73       25.00       21.33       17.88       14.76       12.20       10.12        8.28        6.72        5.42        4.37        3.52        2.84        2.30        1.87        1.55        1.31        1.13        1.00        0.92        0.87         nan         nan         nan         nan         nan
       41.73       47.08       48.80       48.05       45.51       42.55       42.97       46.44       49.14       49.89       49.02       46.85       43.70       39.74       35.34       30.79       26.29       22.05       18.19       15.04       12.47       10.20        8.27        6.67        5.36        4.31        3.47        2.80        2.28        1.87        1.57        1.34        1.18        1.07        1.00         nan         nan         nan         nan         nan
       46.59       53.57       56.26       56.00       53.53       50.44       51.31       55.79       59.35       60.53       59.71       57.24       53.54       48.79       43.46       37.90       32.39       27.17       22.42       18.53       15.36       12.56       10.18        8.20        6.59        5.29        4.25        3.42        2.78        2.27        1.89        1.60        1.39        1.25        1.15         nan         nan         nan         nan         nan
       51.94       60.90       64.83       65.22       62.92       59.77       61.23       66.99       71.64       73.39       72.68       69.91       65.55       59.87       53.41       46.64       39.88       33.47       27.62       22.82       18.92       15.47       12.52       10.08        8.08        6.48        5.20        4.18        3.38        2.75        2.27        1.91        1.64        1.45        1.32         nan         nan         nan         nan         nan
       57.82       69.17       74.63       75.91       73.91       70.79       73.03       80.39       86.43       88.95       88.42       85.33       80.23       73.43       65.62       57.36       49.09       41.21       34.01       28.10       23.29       19.03       15.40       12.38        9.92        7.94        6.36        5.11        4.12        3.34        2.74        2.29        1.95        1.70        1.53         nan         nan         nan         nan         nan
       64.26       78.47       85.84       88.29       86.78       83.79       87.06       96.42      104.21      107.74      107.52      104.09       98.13       90.00       80.56       70.51       60.38       50.71       41.85       34.58       28.65       23.41       18.93       15.20       12.17        9.73        7.78        6.23        5.01        4.06        3.31        2.74        2.32        2.00        1.78         nan         nan         nan         nan         nan
       71.30       88.92       98.65      102.60      101.80       99.10      103.70      115.56      125.56      130.41      130.64      126.89      119.94      110.24       98.84       86.61       74.23       62.37       51.48       42.53       35.24       28.78       23.26       18.66       14.92       11.91        9.52        7.61        6.11        4.93        4.01        3.30        2.76        2.36        2.07         nan         nan         nan         nan         nan
       78.98      100.64      113.25      119.13      119.33      117.13      123.45      138.41      151.18      157.73      158.62      154.56      146.49      134.94      121.18      106.32       91.20       76.65       63.27       52.28       43.31       35.36       28.56       22.90       18.29       14.59       11.63        9.29        7.44        5.98        4.85        3.97        3.30        2.79        2.42         nan         nan         nan         nan         nan
       87.33      113.76      129.88      138.19      139.76      138.32      146.83      165.63      181.88      190.61      192.44      188.12      178.76      165.02      148.44      130.40      111.95       94.14       77.72       64.21       53.20       43.42       35.05       28.08       22.41       17.85       14.22       11.33        9.06        7.27        5.87        4.79        3.95        3.31        2.84         nan         nan         nan         nan         nan
       96.36      128.39      148.76      160.13      163.53      163.20      174.49      198.04      218.61      230.14      233.24      228.73      217.94      201.62      181.67      159.79      137.30      115.52       95.38       78.82       65.30       53.28       42.99       34.42       27.44       21.83       17.36       13.82       11.03        8.83        7.11        5.78        4.74        3.94        3.34         nan         nan         nan         nan         nan
      106.12      144.70      170.18      185.35      191.14      192.36      207.16      236.55      262.48      277.58      282.38      277.82      265.40      246.06      222.10      195.60      168.22      141.61      116.95       96.65       80.08       65.34       52.70       42.17       33.58       26.69       21.20       16.85       13.42       10.73        8.62        6.97        5.69        4.70        3.95         nan         nan         nan         nan         nan
      116.65      162.80      194.42      214.28      223.17      226.49      245.67      282.24      314.80      334.39      341.46      337.01      322.80      299.93      271.18      239.15      205.87      173.41      143.24      118.41       98.13       80.06       64.55       51.62       41.08       32.61       25.87       20.54       16.33       13.03       10.44        8.42        6.85        5.63        4.68         nan         nan         nan         nan         nan
      128.02      182.86      221.79      247.40      260.23      266.36      291.00      336.32      377.05      402.28      412.32      408.23      392.05      365.06      330.65      291.99      251.61      212.07      175.23      144.90      120.12       98.00       78.99       63.14       50.20       39.82       31.55       25.01       19.86       15.82       12.65       10.18        8.25        6.74        5.57         nan         nan         nan         nan         nan
      140.26      205.00      252.59      285.22      303.03      312.83      344.22      400.21      450.95      483.21      497.10      493.71      475.37      443.60      402.50      355.93      307.03      258.97      214.07      177.09      146.87      119.83       96.57       77.16       61.31       48.58       38.45       30.44       24.14       19.19       15.32       12.30        9.93        8.08        6.64         nan         nan         nan         nan         nan
      153.41      229.37      287.19      328.29      352.35      366.85      406.56      475.48      538.44      579.41      598.22      595.96      575.30      538.02      489.05      433.09      374.00      315.71      261.10      216.10      179.32      146.35      117.94       94.19       74.80       59.23       46.83       37.03       29.32       23.27       18.55       14.86       11.97        9.70        7.93         nan         nan         nan         nan         nan
      167.51      256.09      325.91      377.22      409.00      429.51      479.40      563.91      641.68      693.38      718.43      717.85      694.72      651.10      592.91      525.84      454.64      384.12      317.87      263.26      218.61      178.48      143.85      114.86       91.18       72.14       56.99       45.01       35.58       28.21       22.44       17.94       14.42       11.65        9.48         nan         nan         nan         nan         nan
      182.59      285.29      369.11      432.63      473.90      501.96      564.23      667.46      763.11      827.92      860.75      862.57      836.84      785.97      717.03      636.91      551.37      466.32      386.17      320.08      266.02      217.31      175.19      139.88      111.00       87.77       69.27       54.65       43.16       34.16       27.14       21.65       17.36       14.00       11.35         nan         nan         nan         nan         nan
      198.67      317.05      417.14      495.16      548.00      585.45      662.68      788.26      905.34      986.04     1028.52     1033.58     1005.15      946.04      864.65      769.26      666.86      564.63      468.00      388.28      323.04      264.10      213.00      170.10      134.95      106.65       84.12       66.30       52.30       41.34       32.79       26.12       20.90       16.81       13.59         nan         nan         nan         nan         nan
      215.74      351.46      470.32      565.48      632.30      681.33      776.52      928.61     1071.19     1170.99     1225.25     1234.56     1203.38     1134.96     1039.24      926.11      804.02      681.62      565.56      469.77      391.35      320.26      258.47      206.48      163.81      129.43      102.02       80.35       63.31       49.98       39.59       31.48       25.15       20.19       16.28         nan         nan         nan         nan         nan
      233.76      388.55      528.97      644.22      727.81      790.97      907.57     1090.90     1263.61     1386.14     1454.61     1469.35     1435.38     1356.49     1244.39     1110.83      965.91      820.03      681.23      566.64      472.79      387.39      312.94      250.13      198.50      156.81      123.56       97.25       76.55       60.37       47.75       37.92       30.25       24.23       19.49         nan         nan         nan         nan         nan
      252.62      428.35      593.36      732.02      835.57      915.80     1057.72     1277.58     1485.57     1634.86     1720.24     1741.72     1704.95     1614.37     1483.70     1326.78     1155.64      982.67      817.52      681.13      569.36      467.25      377.91      302.32      240.03      189.65      149.40      117.52       92.45       72.83       57.54       45.63       36.34       29.06       23.33         nan         nan         nan         nan         nan
      272.14      470.83      663.71      829.47      956.55     1057.20     1228.85     1491.08     1739.98     1920.43     2025.63     2055.24     2015.66     1912.09     1760.53     1577.19     1376.24     1172.32      976.91      815.52      683.17      561.71      455.02      364.43      289.56      228.87      180.31      141.80      111.47       87.75       69.25       54.85       43.61       34.82       27.91         nan         nan         nan         nan         nan
      292.09      515.90      740.18      937.06     1091.68     1216.52     1422.74     1733.67     2029.52     2245.78     2373.84     2413.00     2370.56     2252.65     2077.80     1864.86     1630.40     1391.53     1161.78      972.02      816.34      672.72      545.99      437.97      348.37      275.55      217.15      170.76      134.19      105.56       83.23       65.85       52.29       41.69       33.35         nan         nan         nan         nan         nan
      312.17      563.58      822.83     1055.21     1241.76     1394.97     1641.02     2007.38     2356.48     2613.33     2767.29     2817.35     2771.89     2638.21     2437.64     2191.94     1920.26     1642.42     1374.19     1152.68      970.88      802.22      652.62      524.51      417.83      330.83      260.87      205.18      161.23      126.77       99.88       78.94       62.62       49.85       39.82         nan         nan         nan         nan         nan
      331.57      614.36      911.65     1184.19     1407.41     1593.54     1885.03     2313.80     2722.57     3024.73     3207.46     3269.56     3220.78     3069.83     2841.15     2559.60     2247.13     1926.43     1615.68     1359.17     1148.58      952.01      776.63      625.66      499.36      395.95      312.52      245.94      193.28      151.94      119.66       94.50       74.88       59.54       47.49         nan         nan         nan         nan         nan
      349.70      668.56     1006.51     1324.10     1589.06     1812.96     2155.74     2653.97     3128.70     3480.62     3694.63     3769.62     3716.96     3547.18     3288.04     2967.75     2611.22     2244.08     1887.04     1592.57     1350.81     1123.62      919.63      742.97      594.40      472.18      373.20      293.96      231.13      181.71      143.06      112.92       89.40       71.01       56.57         nan         nan         nan         nan         nan
      366.17      726.43     1107.14     1474.87     1786.87     2053.61     2453.62     3028.21     3574.80     3980.40     4227.69     4315.91     4258.54     4068.25     3776.46     3414.85     3011.39     2594.73     2188.12     1853.19     1578.33     1318.16     1082.92      877.84      704.32      560.81      444.05      350.22      275.59      216.76      170.66      134.65      106.54       84.55       67.28         nan         nan         nan         nan         nan
      380.56      788.39     1213.16     1636.18     2000.64     2315.44     2778.53     3436.00     4059.69     4522.15     4803.93     4905.17     4841.84     4629.32     4302.85     3897.73     3445.05     2976.42     2517.60     2140.38     1831.12     1536.13     1267.37     1031.36      830.31      663.02      526.18      415.73      327.55      257.82      203.05      160.20      126.71      100.49       79.90         nan         nan         nan         nan         nan
      392.41      854.98     1324.04     1807.50     2229.87     2597.87     3129.65     3875.83     4580.94     5102.44     5419.07     5532.41     5461.52     5224.93     4861.97     4411.63     3908.07     3385.80     2872.96     2452.40     2108.20     1777.24     1473.27     1204.22      973.31      779.84      620.65      491.46      387.87      305.66      240.89      190.11      150.35      119.19       94.70         nan         nan         nan         nan         nan
      401.18      926.96     1439.17     1988.03     2473.61     2899.82     3505.41     4345.22     5134.91     5716.49     6067.32     6191.13     6110.66     5848.15     5447.15     4950.36     4394.99     3818.23     3250.45     2786.39     2407.57     2040.33     1700.16     1396.54     1133.83      912.06      728.32      578.32      457.42      361.04      284.86      224.95      177.94      141.03      112.00         nan         nan         nan         nan         nan
      406.24     1003.59     1559.64     2176.70     2730.55     3219.59     3903.45     4840.68     5716.77     6358.21     6741.58     6873.57     6781.17     6490.88     6050.57     5506.62     4899.20     4267.94     3645.23     3138.41     2726.17     2323.24     1946.77     1607.76     1311.88     1060.05      849.83      677.05      536.96      424.71      335.61      265.29      209.97      166.44      132.16         nan         nan         nan         nan         nan
      406.94     1083.07     1687.83     2372.21     2998.94     3554.96     4320.69     5357.80     6320.69     7020.53     7433.86     7571.13     7464.23     7144.35     6663.77     6072.47     5413.40     4728.43     4051.65     3503.64     3060.03     2622.91     2210.92     1836.56     1506.85     1223.75      985.47      788.16      627.12      497.33      393.78      311.72      246.95      195.86      155.53         nan         nan         nan         nan         nan
      401.51     1164.79     1825.46     2573.01     3276.68     3903.13     4753.33     5891.39     6940.07     7695.71     8135.61     8274.88     8150.79     7799.68     7278.19     6639.79     5930.06     5192.81     4463.61     3876.67     3404.44     2935.46     2489.64     2080.84     1717.43     1402.50     1135.10      911.88      728.33      579.42      459.93      364.79      289.38      229.71      182.50         nan         nan         nan         nan         nan
      392.73     1247.91     1974.74     2777.41     3561.32     4260.84     5197.01     6435.70     7567.86     8375.74     8838.27     8976.01     8832.10     8448.33     7885.65     7200.80     6441.86     5654.31     4874.92     4251.83     3754.23     3256.41     2779.25     2337.78     1941.62     1595.06     1298.09     1048.02      840.72      671.32      534.51      424.96      337.72      268.44      213.44         nan         nan         nan         nan         nan
      377.10     1330.96     2134.84     2987.82     3850.11     4624.46     5646.96     6984.63     8196.85     9052.70     9533.60     9666.31     9500.16     9082.61     8478.77     7748.50     6942.14     6106.63     5279.69     4623.56     4104.13     3580.95     3075.57     2603.94     2176.80     1799.58     1473.27     1195.96      964.11      773.13      617.78      492.60      392.38      312.42      248.73         nan         nan         nan         nan         nan
      355.16     1411.98     2300.11     3213.01     4140.13     4990.07     6098.13     7531.99     8820.01     9719.15    10214.14    10338.51    10148.05     9695.96     9051.34     8276.93     7425.20     6544.29     5672.69     4986.75     4449.10     3904.25     3374.19     2875.51     2419.85     2013.65     1658.92     1354.63     1097.91      884.65      709.80      567.93      453.66      362.01      288.68         nan         nan         nan         nan         nan
      331.17     1487.72     2469.03     3459.52     4428.81     5353.59     6545.41     8071.73     9430.77    10368.42    10873.41    10986.52    10770.12    10283.11     9598.40     8781.39     7886.47     6962.82     6049.53     5336.96     4784.57     4221.78     3670.76     3148.50     2667.29     2234.44     1852.88     1522.49     1241.14     1005.32      810.36      650.97      521.71      417.44      333.59         nan         nan         nan         nan         nan
      303.81     1554.59     2640.68     3722.88     4727.81     5710.94     6983.78     8598.17    10023.24    10994.77    11506.07    11605.52    11362.03    10840.16    10116.32     9258.41     8322.56     7358.84     6406.81     5670.61     5106.69     4529.51     3961.21     3419.00     2915.55     2458.85     2052.63     1697.59     1392.42     1134.27      918.97      741.52      596.54      478.83      383.66         nan         nan         nan         nan         nan
      276.58     1607.78     2814.08     3990.98     5060.92     6059.76     7408.47     9106.17    10592.32    11593.48    12107.98    12191.94    11920.74    11364.44    10602.71     9705.71     8731.22     7732.84     6761.85     5993.88     5412.43     4824.08     4242.00     3683.39     3161.15     2683.68     2255.38     1877.68     1550.02     1270.27     1034.84      839.12      677.96      546.19      438.97         nan         nan         nan         nan         nan
      251.57     1643.09     2988.21     4261.46     5418.50     6432.80     7815.59     9591.22    11133.81    12160.91    12676.12    12743.36    12444.35    11854.39    11056.33    10127.65     9139.18     8139.78     7154.22     6344.15     5704.38     5102.91     4510.20     3938.55     3400.88     2905.87     2458.34     2060.33     1711.96     1411.79     1156.86      943.06      765.56      619.31      499.50         nan         nan         nan         nan         nan
      229.64     1656.72     3161.86     4532.77     5778.09     6856.86     8245.54    10053.74    11644.43    12694.36    13208.46    13258.36    12935.05    12326.95    11524.60    10598.12     9593.82     8559.75     7535.84     6699.04     6018.08     5366.80     4763.59     4181.93     3632.00     3122.58     2658.77     2243.05     1876.10     1557.11     1283.73     1052.40      858.70      697.83      565.08         nan         nan         nan         nan         nan
      211.33     1646.24     3333.49     4803.33     6136.44     7285.50     8741.58    10583.02    12180.43    13235.18    13751.16    13803.11    13484.37    12870.18    12043.84    11078.51    10033.46     8960.48     7899.90     7038.48     6341.93     5646.95     5002.13     4411.59     3852.27     3331.38     2854.19     2423.45     2040.27     1704.34     1413.92     1165.98      956.56      781.20      635.39         nan         nan         nan         nan         nan
      196.34     1610.12     3500.82     5071.68     6491.52     7708.77     9235.49    11151.16    12795.53    13864.82    14377.04    14411.55    14061.66    13409.30    12542.41    11536.32    10451.81     9341.40     8245.80     7361.41     6651.73     5941.59     5252.92     4627.17     4059.99     3530.31     3042.46     2599.35     2202.36     1851.60     1545.80     1282.47     1058.12      868.69      709.94         nan         nan         nan         nan         nan
      183.83     1548.71     3659.85     5336.36     6841.45     8124.45     9718.39    11704.38    13395.36    14480.99    14985.82    14997.10    14614.26    13924.07    13017.39    11971.58    10848.85     9702.42     8573.31     7667.47     6946.15     6223.79     5520.36     4852.64     4254.86     3717.88     3221.84     2768.87     2360.48     1997.05     1677.72     1400.46     1162.26      959.44      788.09         nan         nan         nan         nan         nan
      173.07     1465.05     3804.13     5596.00     7184.48     8530.54    10188.27    12240.75    13975.00    15074.54    15570.52    15557.97    15142.21    14414.67    13469.03    12384.57    11224.83    10043.71     8882.53     7956.60     7224.99     6491.85     5777.11     5095.40     4458.73     3893.87     3391.03     2930.46     2512.94     2139.01     1808.09     1518.53     1267.74     1052.46      869.12         nan         nan         nan         nan         nan
      163.30     1363.32     3924.21     5849.28     7519.01     8925.29    10643.42    12758.87    14533.44    15644.88    16130.91    16094.18    15645.74    14881.49    13897.78    12775.73    11580.17    10365.63     9173.70     8228.96     7488.26     6745.64     6020.97     5328.81     4679.38     4080.12     3550.35     3082.98     2658.42     2276.04     1935.45     1635.29     1373.34     1146.70      952.16         nan         nan         nan         nan         nan
      154.13     1254.45     4007.99     6094.81     7843.60     9307.16    11082.42    13257.60    15069.95    16191.67    16666.99    16605.98    16125.24    15325.00    14304.16    13145.60    11915.39    10668.63     9447.21     8484.85     7736.19     6985.25     6251.87     5550.59     4891.50     4280.72     3721.73     3227.59     2795.85     2406.93     2058.52     1749.47     1477.85     1241.10     1036.32         nan         nan         nan         nan         nan
      145.32     1145.47     4043.09     6330.87     8156.92     9674.78    11504.06    13736.07    15584.03    16714.75    17178.83    17093.65    16581.15    15745.72    14688.73    13494.75    12231.01    10953.22     9703.50     8724.65     7969.10     7210.88     6469.90     5760.65     5093.16     4473.49     3904.37     3386.67     2927.91     2530.75     2176.24     1859.96     1580.18     1334.63     1120.68         nan         nan         nan         nan         nan
      137.03     1044.72     4015.36     6554.79     8457.78    10026.98    11907.32    14193.56    16075.30    17214.03    17666.62    17557.52    17013.89    16144.14    15052.01    13823.69    12527.57    11219.88     9943.00     8948.77     8187.34     7422.86     6675.28     5959.09     5284.30     4656.90     4079.59     3552.98     3076.52     2653.16     2287.83     1965.81     1679.34     1426.32     1204.37         nan         nan         nan         nan         nan
      129.30      957.40     3920.96     6761.69     8745.06    10362.69    12291.33    14629.49    16543.47    17689.48    18130.50    17997.89    17423.85    16520.71    15394.47    14132.91    12805.52    11469.06    10166.14     9157.60     8391.32     7621.54     6868.29     6146.10     5464.98     4830.89     4246.49     3712.36     3227.87     2791.73     2403.28     2066.93     1774.52     1515.33     1286.54         nan         nan         nan         nan         nan
      122.04      884.99     3760.36     6942.76     9017.68    10680.95    12655.32    15043.35    16988.29    18141.07    18570.61    18415.01    17811.35    16875.77    15716.49    14422.80    13065.26    11701.14    10373.27     9351.51     8581.39     7807.25     7049.23     6321.94     5635.38     4995.51     4405.00     3864.37     3372.96     2929.40     2531.71     2177.57     1867.84     1600.94     1366.45         nan         nan         nan         nan         nan
      115.36      826.34     3542.88     7084.40     9274.49    10980.86    12998.55    15434.63    17409.49    18568.72    18987.01    18809.01    18176.59    17209.59    16018.36    14693.66    13307.10    11916.43    10564.70     9530.81     8757.88     7980.33     7218.43     6486.87     5795.71     5150.90     4555.15     4008.94     3511.56     3061.59     2657.02     2295.35     1973.69     1689.81     1444.17         nan         nan         nan         nan         nan
      109.25      777.24     3288.83     7165.12     9513.92    11261.56    13320.35    15802.85    17806.77    18972.27    19379.65    19179.94    18519.68    17522.30    16300.23    14945.68    13531.24    12115.15    10740.65     9695.72     8921.06     8141.06     7376.16     6641.17     5946.18     5297.23     4697.02     4146.06     3643.57     3188.11     2777.59     2409.51     2081.01     1789.02     1530.55         nan         nan         nan         nan         nan
      103.69      734.50     3020.56     7161.38     9733.25    11522.21    13619.99    16147.46    18179.76    19351.50    19748.39    19527.74    18840.60    17813.93    16562.18    15178.94    13737.79    12297.42    10901.25     9846.43     9071.13     8289.69     7522.69     6785.07     6087.05     5434.69     4830.76     4275.79     3768.97     3308.82     2893.20     2519.58     2185.11     1886.76     1621.55         nan         nan         nan         nan         nan
       98.62      694.80     2762.40     7052.66     9926.56    11761.91    13896.76    16467.89    18528.00    19706.05    20092.98    19852.21    19139.20    18084.37    16804.13    15393.41    13926.75    12463.27    11046.56     9983.01     9208.25     8426.38     7658.20     6918.80     6218.50     5563.47     4956.53     4398.23     3887.80     3423.68     3003.72     2625.35     2285.71     1981.80     1710.66         nan         nan         nan         nan         nan
       94.02      657.24     2532.96     6826.64    10083.34    11979.65    14149.87    16763.45    18850.93    20035.47    20413.03    20153.02    19415.22    18333.41    17025.91    15588.96    14098.03    12612.63    11176.55    10105.49     9332.46     8551.25     7782.85     7042.52     6340.72     5683.73     5074.45     4513.51     4000.11     3532.70     3109.08     2726.67     2382.60     2073.87     1797.53         nan         nan         nan         nan         nan
       89.81      620.77     2341.28     6489.83    10184.83    12174.00    14378.47    17033.40    19147.91    20339.18    20708.03    20429.72    19668.24    18560.69    17227.22    15765.34    14251.42    12745.36    11291.08    10213.79     9443.78     8664.35     7896.71     7156.35     6453.84     5795.62     5184.69     4621.73     4106.00     3635.91     3209.27     2823.47     2475.62     2162.74     1881.90         nan         nan         nan         nan         nan
       85.99      585.50     2186.78     6069.59    10203.24    12342.39    14581.60    17276.87    19418.14    20616.47    20977.34    20681.73    19897.75    18765.75    17407.66    15922.19    14386.63    12861.20    11389.98    10307.76     9542.11     8765.64     7999.83     7260.34     6557.96     5899.24     5287.33     4723.00     4205.53     3733.37     3304.29     2915.69     2564.68     2248.28     1963.56         nan         nan         nan         nan         nan
       82.55      551.90     2062.12     5605.24    10106.05    12478.79    14758.18    17492.90    19660.72    20866.50    21220.18    20908.34    20103.10    18948.00    17566.70    16059.08    14503.27    12959.82    11472.94    10387.20     9627.31     8855.06     8092.16     7354.53     6653.12     5994.67     5382.47     4817.39     4298.79     3825.12     3394.17     3003.33     2649.73     2330.36     2042.34         nan         nan         nan         nan         nan
       79.48      520.41     1957.10     5142.22     9865.13    12573.31    14906.79    17680.41    19874.63    21088.31    21435.65    21108.71    20283.52    19106.76    17703.73    16175.44    14600.85    13040.81    11539.63    10451.82     9699.17     8932.44     8173.61     7438.84     6739.31     6081.92     5470.15     4904.97     4385.83     3911.21     3478.93     3086.39     2730.71     2408.93     2118.14         nan         nan         nan         nan         nan
       76.77      491.27     1862.62     4728.38     9469.37    12605.45    15025.19    17838.16    20058.71    21280.80    21622.72    21281.87    20438.13    19241.21    17818.02    16270.64    14678.81    13103.67    11589.60    10501.25     9757.41     8997.59     8244.04     7513.21     6816.48     6160.99     5550.36     4985.75     4466.68     3991.67     3558.59     3164.85     2807.61     2483.91     2190.86         nan         nan         nan         nan         nan
       74.40      464.51     1771.61     4380.23     8931.07    12544.89    15108.98    17964.73    20211.68    21442.74    21780.23    21426.76    20565.93    19350.45    17908.75    16343.94    14736.50    13147.82    11622.37    10535.07     9801.69     9050.22     8303.24     7577.46     6884.53     6231.79     5623.10     5059.73     4541.34     4066.51     3633.16     3238.73     2880.41     2555.27     2260.43         nan         nan         nan         nan         nan
       72.29      440.16     1681.14     4104.89     8310.13    12353.39    15147.85    18058.19    20332.11    21572.77    21906.88    21542.15    20665.80    19433.47    17975.01    16394.52    14773.18    13172.63    11637.35    10552.80     9831.61     9090.03     8350.96     7631.41     6943.31     6294.24     5688.27     5126.86     4609.79     4135.72     3702.63     3308.02     2949.09     2622.96     2326.79         nan         nan         nan         nan         nan
       70.31      418.17     1590.66     3891.34     7659.48    11999.48    15124.89    18115.41    20418.38    21669.39    22001.26    21626.72    20736.52    19489.13    18015.78    16421.47    14788.06    13177.37    11633.92    10553.90     9846.70     9116.62     8386.88     7674.81     6992.63     6348.18     5745.77     5187.07     4671.98     4199.26     3766.98     3372.67     3013.62     2686.96     2389.90         nan         nan         nan         nan         nan
       68.43      398.40     1501.99     3719.42     7052.93    11470.78    15009.84    18130.17    20468.52    21730.99    22061.83    21679.04    20776.75    19516.24    18029.97    16423.81    14780.24    13161.25    11611.37    10537.74     9846.46     9129.58     8410.65     7707.37     7032.25     6393.42     5795.46     5240.23     4727.81     4257.07     3826.14     3432.66     3073.95     2747.21     2449.69         nan         nan         nan         nan         nan
       66.65      380.77     1416.79     3569.23     6530.11    10786.99    14762.95    18089.85    20479.67    21755.75    22086.93    21697.55    20785.06    19513.46    18016.37    16400.46    14748.77    13123.43    11568.96    10503.68     9830.33     9128.41     8421.87     7728.74     7061.88     6429.73     5837.14     5286.21     4777.17     4309.04     3880.05     3487.91     3130.03     2803.66     2506.10         nan         nan         nan         nan         nan
       64.97      365.26     1336.71     3424.47     6121.04    10019.86    14345.16    17970.31    20446.48    21741.56    22074.76    21680.57    20759.91    19479.39    17973.72    16350.27    14692.62    13062.99    11505.86    10451.00     9797.67     9112.59     8420.08     7738.56     7081.22     6456.86     5870.60     5324.81     4819.91     4355.06     3928.61     3538.35     3181.78     2856.24     2559.07         nan         nan         nan         nan         nan
       63.37      351.92     1262.45     3275.84     5817.36     9240.47    13738.82    17736.44    20358.70    21685.57    22023.36    21626.32    20699.65    19412.54    17900.67    16272.03    14610.70    12978.95    11421.19    10378.92     9747.83     9081.54     8404.78     7736.38     7089.90     6474.48     5895.57     5355.82     4855.85     4394.98     3971.68     3583.86     3229.12     2904.87     2608.51         nan         nan         nan         nan         nan
       61.85      340.68     1194.57     3120.71     5595.96     8533.13    12965.16    17344.98    20196.66    21582.99    21930.51    21532.89    20602.53    19311.31    17795.77    16164.43    14501.84    12870.27    11314.04    10286.63     9680.09     9034.65     8375.45     7721.76     7087.52     6482.26     5911.77     5378.99     4884.78     4428.61     4009.11     3624.31     3271.92     2949.43     2654.34         nan         nan         nan         nan         nan
       60.41      330.15     1134.07     2961.22     5424.08     7952.47    12091.95    16763.58    19929.91    21424.71    21793.30    21398.21    20466.68    19174.01    17657.48    16026.11    14364.82    12735.84    11183.40    10173.24     9593.68     8971.24     8331.50     7694.18     7073.65     6479.82     5918.87     5394.05     4906.45     4455.75     4040.72     3659.55     3310.04     2989.82     2696.44         nan         nan         nan         nan         nan
       59.03      320.28     1081.15     2800.74     5269.17     7519.93    11215.53    15995.28    19517.84    21193.94    21606.94    21219.93    20290.16    18998.85    17484.22    15855.62    14198.34    12574.52    11028.26    10037.85     9487.80     8890.61     8272.32     7653.11     7047.81     6466.75     5916.51     5400.67     4920.59     4476.16     4066.32     3689.40     3343.34     3025.88     2734.68         nan         nan         nan         nan         nan
       57.72      311.01     1036.05     2647.91     5110.99     7223.60    10468.28    15094.37    18930.05    20865.20    21363.37    20995.01    20070.83    18783.98    17274.29    15651.47    14001.06    12385.08    10847.51     9879.47     9361.59     8792.00     8197.23     7597.96     7009.49     6442.61     5904.30     5398.52     4926.91     4489.58     4085.66     3713.64     3371.63     3057.46     2768.92         nan         nan         nan         nan         nan
       56.47      302.29      998.35     2503.40     4936.70     7036.99     9808.64    14160.63    18167.83    20405.66    21047.75    20718.80    19806.27    18527.42    17025.95    15412.06    13771.55    12166.26    10640.02     9697.11     9214.16     8674.62     8105.54     7528.12     6958.16     6406.91     5881.82     5387.22     4925.07     4495.72     4098.49     3732.07     3394.70     3084.38     2799.00         nan         nan         nan         nan         nan
       55.27      294.05      964.34     2375.12     4738.87     6914.18     9368.82    13308.94    17283.21    19794.84    20640.05    20383.63    19493.38    18227.06    16737.35    15135.76    13508.35    11916.75    10404.60     9489.69     9044.56     8537.65     7996.52     7442.94     6893.23     6359.14     5848.62     5366.38     4914.72     4494.26     4104.53     3744.42     3412.34     3106.44     2824.73         nan         nan         nan         nan         nan
       54.13      286.27      932.77     2266.97     4523.92     6815.05     9113.47    12627.99    16380.99    19045.93    20119.67    19978.41    19127.72    17880.46    16406.56    14820.86    13209.92    11635.17    10140.02     9256.11     8851.82     8380.19     7869.38     7341.72     6814.08     6298.77     5804.20     5335.56     4895.48     4484.85     4103.47     3750.41     3424.29     3123.40     2845.90         nan         nan         nan         nan         nan
       53.03      278.90      903.23     2177.49     4307.48     6703.90     8947.19    12153.85    15578.91    18220.37    19485.05    19489.98    18703.26    17484.69    16031.49    14465.58    12874.69    11320.09     9845.00     8995.22     8634.90     8201.35     7723.32     7223.75     6720.09     6225.21     5748.07     5294.30     4866.93     4467.14     4094.98     3749.76     3430.28     3135.03     2862.31         nan         nan         nan         nan         nan
       51.98      271.79      875.59     2096.66     4110.59     6555.94     8864.92    11865.71    14963.63    17427.68    18769.39    18915.54    18213.57    17036.25    15609.88    14068.07    12501.02    10971.90     9578.73     8730.60     8392.75     8000.18     7557.48     7088.26     6610.56     6137.85     5679.66     5242.12     4828.63     4440.72     4078.70     3742.13     3430.02     3141.06     2873.69         nan         nan         nan         nan         nan
       50.98      265.17      849.66     2021.94     3941.79     6375.70     8790.97    11700.00    14560.13    16775.46    18054.45    18278.16    17659.19    16532.56    15139.52    13631.76    12178.50    10913.65     9801.72     8766.89     8134.48     7775.68     7370.99     6934.46     6484.79     6036.06     5598.42     5178.49     4780.11     4405.16     4054.25     3727.18     3423.20     3141.20     2879.80         nan         nan         nan         nan         nan
       50.02      258.87      825.28     1952.67     3785.38     6207.75     8697.11    11574.65    14316.57    16328.73    17446.77    17641.97    17062.09    16010.96    14808.81    13634.24    12489.17    11331.74    10192.73     9099.06     8100.89     7530.74     7162.91     6761.52     6342.03     5919.18     5503.72     5102.87     4720.89     4360.04     4021.22     3704.53     3409.47     3135.13     2880.33         nan         nan         nan         nan         nan
       49.09      252.87      802.37     1888.24     3639.24     6015.18     8619.21    11491.53    14195.64    16124.49    17120.94    17315.01    16943.08    16225.05    15273.58    14170.26    12987.19    11781.84    10596.73     9459.73     8391.05     7450.32     6933.72     6568.59     6181.50     5786.49     5394.95     5014.69     4650.45     4304.86     3979.18     3673.79     3388.47     3122.53     2874.99         nan         nan         nan         nan         nan
       48.20      247.15      780.70     1828.16     3503.76     5800.48     8461.10    11409.71    14239.06    16341.65    17488.76    17814.85    17547.28    16854.11    15877.60    14732.93    13501.71    12247.04    11014.19     9832.30     8722.24     7699.42     6827.19     6355.15     6002.40     5637.26     5271.44     4913.34     4568.22     4239.13     3927.67     3634.55     3359.81     3103.03     2863.44         nan         nan         nan         nan         nan
       47.35      241.70      760.21     1771.96     3378.36     5581.69     8221.50    11183.44    14129.94    16486.40    17890.18    18366.18    18161.75    17483.62    16491.34    15310.68    14032.55    12727.71    11445.61    10217.22     9064.29     8002.66     7041.49     6240.18     5804.44     5470.74     5132.50     4798.20     4473.64     4162.32     3866.21     3586.35     3323.09     3076.27     2845.34         nan         nan         nan         nan         nan
       46.53      236.49      740.81     1719.28     3262.11     5368.88     7934.41    10842.31    13830.84    16410.65    18123.66    18832.55    18742.56    18102.69    17108.15    15899.82    14578.49    13223.85    11891.39    10614.97     9417.64     8315.81     7318.81     6428.47     5692.73     5286.67     4977.39     4668.60     4366.11     4073.88     3794.29     3528.73     3277.86     3041.83     2820.31         nan         nan         nan         nan         nan
       45.74      231.51      722.42     1669.77     3154.05     5167.98     7630.38    10433.69    13383.15    16106.62    18130.45    19150.32    19254.42    18696.75    17719.24    16494.59    15136.64    13734.64    12351.65    11025.94     9782.70     8639.25     7605.17     6682.15     5866.73     5193.13     4806.68     4523.86     4245.00     3973.23     3711.37     3461.19     3223.68     2999.29     2787.94         nan         nan         nan         nan         nan
       44.98      226.74      704.93     1623.16     3053.32     4980.69     7330.51    10001.56    12846.66    15610.19    17882.87    19252.53    19642.19    19236.85    18311.55    17087.03    15702.20    14257.77    12825.84    11450.30    10159.87     8973.38     7900.92     6944.11     6099.17     5358.45     4738.69     4366.24     4109.64     3859.76     3616.90     3383.21     3160.06     2948.19     2747.83         nan         nan         nan         nan         nan
       44.26      222.18      688.31     1579.18     2959.18     4806.78     7046.02     9576.95    12279.82    14987.30    17400.59    19092.38    19833.12    19674.87    18862.08    17666.15    16268.07    14789.31    13312.17    11887.70    10549.34     9318.55     8206.41     7214.65     6339.20     5571.98     4902.67     4333.90     3966.76     3732.84     3510.28     3294.25     3086.49     2888.08     2699.53         nan         nan         nan         nan         nan
       43.56      217.80      672.48     1537.62     2870.95     4645.22     6780.96     9176.37    11725.85    14309.91    16764.33    18668.45    19769.56    19943.06    19330.24    18213.31    16824.77    15322.99    13807.19    12336.75    10950.88     9674.97     8521.96     7494.08     6587.10     5792.53     5099.51     4496.67     3977.24     3609.98     3390.91     3193.74     3002.43     2818.44     2642.57         nan         nan         nan         nan         nan
       42.89      213.61      657.38     1498.27     2788.10     4494.82     6535.50     8805.64    11202.47    13635.44    15998.56    18029.99    19428.31    19975.31    19655.45    18695.24    17357.30    15850.63    14305.63    12794.65    11363.42    10042.51     8847.79     7782.71     6843.18     6020.34     5302.87     4678.86     4137.05     3667.71     3301.14     3081.66     2907.34     2738.75     2576.45         nan         nan         nan         nan         nan
       42.25      209.58      642.97     1461.07     2710.11     4354.46     6308.20     8464.66    10720.77    12997.16    15233.05    17258.84    18841.57    19731.87    19768.82    19059.02    17838.79    16359.99    14800.44    13256.77    11784.50    10420.30     9183.83     8080.75     7107.68     6255.69     5512.98     4867.14     4306.45     3820.16     3398.41     3043.78     2807.29     2648.46     2500.66         nan         nan         nan         nan         nan
       41.64      205.72      629.20     1425.63     2636.56     4223.12     6097.24     8150.96    10284.26    12410.10    14498.90    16439.44    18083.82    19222.81    19619.12    19237.82    18224.15    16829.57    15281.62    13717.19    12210.25    10806.29     9529.37     8388.17     7380.82     6498.81     5730.08     5061.75     4481.60     3978.48     3542.14     3163.30     2834.47     2578.77     2415.28         nan         nan         nan         nan         nan
       41.06      202.00      616.03     1391.31     2567.06     4099.88     5900.88     7861.55     9878.16    11875.97    13820.78    15637.64    17245.69    18510.76    19207.83    19174.75    18452.29    17221.65    15733.34    14167.61    12635.39    11197.23     9882.65     8704.37     7662.58     6749.88     5954.40     5262.89     4662.71     4142.25     3690.91     3299.04     2957.93     2659.87     2403.05         nan         nan         nan         nan         nan
       40.50      198.44      603.43     1359.24     2501.28     3983.92     5717.61     7593.65     9509.09    11390.77    13205.25    14890.66    16405.30    17686.19    18563.03    18844.66    18461.39    17481.59    16122.97    14594.62    13053.19    11588.28    10240.69     9027.84     7952.43     7008.85     6186.07     5470.78     4849.98     4311.68     3844.89     3439.62     3086.86     2778.61     2507.95         nan         nan         nan         nan         nan
       39.98      195.01      591.36     1329.25     2438.91     3874.71     5546.07     7344.82     9169.46    10948.42    12649.35    14212.15    15612.52    16833.44    17774.65    18277.75    18217.62    17549.80    16403.82    14973.23    13453.06    11974.02    10599.49     9355.94     8249.04     7275.19     6425.03     5685.54     5043.60     4486.96     4004.29     3585.24     3220.50     2901.78     2621.92         nan         nan         nan         nan         nan
       39.48      191.73      579.78     1299.47     2379.70     3771.62     5385.14     7112.97     8855.67    10544.52    12146.75    13601.76    14889.54    16015.43    16933.52    17544.81    17733.59    17381.21    16518.70    15263.65    13815.41    12346.14    10954.38     9685.10     8550.05     7547.59     6670.72     5907.06     5243.68     4668.26     4169.28     3736.08     3359.03     3029.56     2740.27         nan         nan         nan         nan         nan
       39.01      188.56      568.68     1271.58     2323.39     3674.11     5233.80     6896.34     8564.78    10173.94    11690.84    13053.15    14239.92    15263.81    16110.49    16735.40    17068.21    16979.15    16420.91    15413.24    14106.43    12689.31    11298.67    10011.29     8852.48     7823.77     6921.81     6134.78     5450.10     4855.66     4340.02     3892.31     3502.62     3162.12     2863.15         nan         nan         nan         nan         nan
       38.57      185.53      558.02     1244.91     2269.78     3581.74     5091.18     6693.39     8292.32     9832.83    11275.79    12558.71    13658.27    14587.56    15346.60    15926.03    16305.44    16386.08    16097.46    15373.46    14279.17    12975.65    11620.48    10329.34     9152.52     8100.81     7176.14     6367.40     5662.29     5048.99     4516.56     4054.07     3651.46     3299.65     2990.75         nan         nan         nan         nan         nan
       38.16      182.62      547.78     1219.38     2218.67     3494.06     4956.53     6502.82     8040.27     9517.96    10896.70    12111.41    13136.43    13983.24    14656.96    15165.51    15524.46    15680.10    15581.55    15123.74    14286.19    13163.84    11896.89    10629.92     9446.06     8375.62     7431.01     6602.85     5878.99     5247.59     4698.66     4221.34     3805.63     3442.30     3123.24         nan         nan         nan         nan         nan
       37.79      179.83      537.95     1194.91     2169.88     3410.76     4829.16     6323.49     7805.12     9226.69    10549.52    11705.31    12666.48    13442.83    14040.87    14475.19    14780.28    14939.52    14939.51    14684.21    14100.33    13208.99    12091.83    10894.32     9725.62     8644.60     7683.68     6838.64     6098.23     5450.13     4885.58     4393.78     3965.04     3590.11     3260.76         nan         nan         nan         nan         nan
       37.45      177.16      528.51     1171.45     2123.27     3331.53     4708.47     6154.40     7584.27     8957.06    10230.88    11335.46    12241.41    12957.75    13489.27    13857.94    14100.15    14223.04    14246.40    14109.91    13731.72    13078.82    12163.93    11091.27     9975.83     8901.19     7931.04     7072.36     6317.71     5654.81     5075.95     4570.55     4129.25     3742.92     3403.28         nan         nan         nan         nan         nan
       37.15      174.61      519.44     1148.94     2078.67     3255.99     4593.94     5994.67     7377.51     8706.59     9937.91    10997.77    11855.96    12520.66    12997.21    13307.85    13490.73    13562.97    13555.08    13472.04    13223.45    12773.11    12076.29    11181.29    10169.77     9131.30     8167.12     7301.25     6535.26     5859.24     5267.82     4750.15     4297.23     3900.13     3550.54         nan         nan         nan         nan         nan
       36.88      172.17      510.72     1127.32     2035.97     3183.88     4485.09     5843.53     7185.14     8473.95     9668.17    10688.83    11505.24    12125.27    12554.92    12816.45    12947.75    12969.52    12921.81    12832.31    12641.90    12329.25    11826.56    11130.61    10271.02     9309.90     8378.72     7519.80     6748.40     6061.65     5459.30     4930.74     4467.51     4060.60     3701.76         nan         nan         nan         nan         nan
