 15.7  15.8  15.9  16.0  16.1  16.2  16.3  16.4  16.5  16.6  16.7  16.8  16.9  17.0  17.1  17.2  17.3  17.4  17.5  17.6  17.7  17.8  17.9  18.0  18.1  18.2  18.3  18.4  18.5  18.6  18.7  18.8  18.9  19.0  19.1  19.2  19.3  19.4  19.5  19.6  19.7  19.8  19.9  20.0  20.1  20.2  20.3  20.4  20.5  20.6  20.7  20.8  20.9  21.0  21.1  21.2  21.3  21.4  21.5  21.6  21.7  21.8  21.9  22.0  22.1  22.2  22.3  22.4  22.5  22.6  22.7  22.8  22.9  23.0  23.1  23.2  23.3  23.4  23.5  23.6  23.7  23.8  23.9  24.0  24.1  24.2  24.3  24.4  24.5  24.6  24.7  24.8  24.9  25.0  25.1  25.2  25.3  25.4  25.5  25.6  25.7  25.8  25.9  26.0  26.1  26.2  26.3 
  0.1   0.2   0.3   0.4   0.5   0.6   0.7   0.8   0.9   1.0   1.1   1.2   1.3   1.4   1.5   1.6   1.7   1.8   1.9   2.0   2.1   2.2   2.3   2.4   2.5   2.6   2.7   2.8   2.9   3.0   3.1   3.2   3.3   3.4   3.5   3.6   3.7   3.8   3.9   4.0   4.1   4.2   4.3   4.4   4.5   4.6   4.7   4.8   4.9   5.0   5.1   5.2 
       18.00       18.02       17.92       17.79       17.48       16.82       15.79       14.44       12.81       11.15        9.96        9.38        9.00        8.48        7.78        7.00        6.18        5.38        4.62        3.98        3.44        2.95        2.50        2.10        1.75        1.45        1.19        0.97        0.79        0.65        0.52        0.42        0.34        0.27        0.22        0.18        0.15        0.12        0.11        0.09        0.08        0.08        0.07        0.07        0.07        0.07        0.07         nan         nan         nan         nan
       20.28       20.63       20.75       20.81       20.63       20.00       18.90       17.39       15.51       13.57       12.15       11.49       11.06       10.43        9.59        8.64        7.64        6.64        5.70        4.91        4.25        3.64        3.08        2.59        2.15        1.78        1.46        1.19        0.97        0.79        0.64        0.52        0.42        0.33        0.27        0.22        0.18        0.15        0.13        0.11        0.10        0.09        0.08        0.08        0.08        0.08        0.08         nan         nan         nan         nan
       22.82       23.60       24.02       24.34       24.34       23.78       22.62       20.94       18.77       16.49       14.83       14.07       13.58       12.83       11.82       10.66        9.43        8.21        7.04        6.06        5.25        4.49        3.80        3.19        2.65        2.19        1.79        1.46        1.19        0.96        0.78        0.63        0.51        0.41        0.33        0.27        0.22        0.18        0.15        0.13        0.12        0.11        0.10        0.09        0.09        0.09        0.09         nan         nan         nan         nan
       25.66       26.98       27.80       28.45       28.70       28.26       27.07       25.20       22.72       20.05       18.10       17.23       16.66       15.79       14.57       13.14       11.64       10.13        8.70        7.49        6.47        5.54        4.69        3.92        3.26        2.69        2.20        1.79        1.45        1.17        0.95        0.76        0.61        0.50        0.40        0.33        0.27        0.22        0.18        0.16        0.14        0.12        0.11        0.11        0.10        0.10        0.10         nan         nan         nan         nan
       28.82       30.83       32.15       33.24       33.82       33.57       32.38       30.33       27.48       24.36       22.08       21.08       20.45       19.41       17.94       16.21       14.36       12.51       10.74        9.24        7.99        6.83        5.77        4.83        4.01        3.30        2.69        2.19        1.77        1.43        1.15        0.93        0.75        0.60        0.49        0.39        0.32        0.27        0.22        0.19        0.16        0.15        0.13        0.12        0.12        0.11        0.11         nan         nan         nan         nan
       32.35       35.20       37.17       38.82       39.85       39.86       38.71       36.48       33.23       29.59       26.92       25.79       25.08       23.86       22.09       19.98       17.71       15.43       13.25       11.40        9.85        8.42        7.11        5.94        4.92        4.05        3.30        2.68        2.16        1.74        1.40        1.12        0.90        0.73        0.59        0.47        0.39        0.32        0.27        0.23        0.19        0.17        0.15        0.14        0.13        0.13        0.12         nan         nan         nan         nan
       36.26       40.17       42.94       45.31       46.93       47.31       46.27       43.86       40.16       35.93       32.81       31.54       30.75       29.32       27.19       24.62       21.85       19.04       16.34       14.06       12.15       10.38        8.76        7.31        6.05        4.96        4.04        3.27        2.64        2.12        1.70        1.37        1.09        0.88        0.71        0.57        0.46        0.38        0.32        0.27        0.23        0.20        0.18        0.16        0.15        0.15        0.14         nan         nan         nan         nan
       40.60       45.80       49.58       52.86       55.25       56.13       55.27       52.72       48.52       43.61       39.98       38.56       37.70       36.02       33.45       30.33       26.93       23.48       20.15       17.33       14.98       12.78       10.78        8.99        7.43        6.09        4.95        4.00        3.22        2.59        2.07        1.66        1.33        1.06        0.85        0.69        0.56        0.45        0.38        0.32        0.27        0.24        0.21        0.19        0.18        0.17        0.16         nan         nan         nan         nan
       45.41       52.17       57.21       61.63       64.99       66.56       66.00       63.33       58.60       52.90       48.70       47.11       46.19       44.23       41.14       37.34       33.18       28.94       24.84       21.36       18.45       15.74       13.27       11.06        9.13        7.47        6.07        4.90        3.93        3.15        2.52        2.01        1.60        1.28        1.03        0.82        0.67        0.54        0.45        0.37        0.32        0.28        0.25        0.22        0.20        0.19        0.18         nan         nan         nan         nan
       50.72       59.38       65.96       71.81       76.42       78.88       78.76       76.05       70.74       64.15       59.28       57.54       56.57       54.28       50.58       45.96       40.87       35.66       30.61       26.32       22.73       19.38       16.32       13.59       11.21        9.16        7.43        5.99        4.80        3.84        3.06        2.44        1.94        1.55        1.24        0.99        0.80        0.65        0.53        0.44        0.37        0.32        0.28        0.25        0.23        0.22        0.20         nan         nan         nan         nan
       56.57       67.53       76.00       83.62       89.80       93.43       93.95       91.26       85.35       77.75       72.14       70.25       69.24       66.59       62.15       56.54       50.32       43.92       37.70       32.41       27.99       23.86       20.08       16.70       13.75       11.23        9.09        7.31        5.86        4.67        3.72        2.96        2.35        1.87        1.49        1.19        0.96        0.77        0.63        0.52        0.44        0.37        0.33        0.29        0.26        0.24        0.23         nan         nan         nan         nan
       63.01       76.71       87.49       97.30      105.45      110.60      111.99      109.46      102.91       94.19       87.72       85.71       84.71       81.64       76.32       69.52       61.92       54.06       46.40       39.89       34.44       29.34       24.68       20.51       16.87       13.75       11.12        8.93        7.14        5.69        4.52        3.59        2.85        2.26        1.80        1.43        1.15        0.92        0.75        0.62        0.51        0.44        0.38        0.33        0.30        0.27        0.26         nan         nan         nan         nan
       70.07       87.05      100.63      113.12      123.73      130.82      133.40      131.19      124.01      114.02      106.61      104.51      103.56      100.03       93.67       85.42       76.14       66.50       57.08       49.08       42.36       36.08       30.32       25.18       20.69       16.85       13.60       10.91        8.71        6.93        5.50        4.35        3.45        2.73        2.16        1.72        1.37        1.10        0.89        0.73        0.61        0.51        0.44        0.38        0.34        0.31        0.29         nan         nan         nan         nan
       77.80       98.67      115.63      131.41      145.07      154.62      158.79      157.13      149.32      137.93      129.47      127.34      126.53      122.48      114.88      104.88       93.56       81.76       70.18       60.33       52.07       44.33       37.23       30.89       25.36       20.62       16.63       13.32       10.61        8.43        6.67        5.28        4.17        3.29        2.61        2.07        1.65        1.32        1.06        0.87        0.71        0.60        0.51        0.44        0.39        0.35        0.32         nan         nan         nan         nan
       86.24      111.70      132.73      152.51      169.93      182.59      188.85      188.03      179.65      166.71      157.12      155.03      154.46      149.84      140.77      128.68      114.88      100.43       86.21       74.12       63.97       54.44       45.70       37.89       31.07       25.24       20.32       16.25       12.93       10.25        8.10        6.39        5.04        3.97        3.14        2.48        1.98        1.58        1.27        1.03        0.84        0.70        0.59        0.50        0.44        0.39        0.36         nan         nan         nan         nan
       95.42      126.28      152.18      176.82      198.87      215.42      224.39      224.81      215.95      201.33      190.49      188.58      188.39      183.14      172.35      157.74      140.94      123.26      105.83       90.98       78.52       66.81       56.05       46.43       38.04       30.87       24.83       19.82       15.74       12.46        9.83        7.74        6.09        4.80        3.78        2.99        2.37        1.89        1.51        1.22        1.00        0.82        0.69        0.58        0.51        0.45        0.40         nan         nan         nan         nan
      105.37      142.56      174.28      204.77      232.48      253.88      266.34      268.50      259.32      242.90      230.73      229.16      229.53      223.62      210.79      193.16      172.73      151.14      129.78      111.58       96.31       81.92       68.70       56.87       46.55       37.73       30.31       24.17       19.16       15.14       11.93        9.38        7.37        5.78        4.55        3.59        2.84        2.26        1.80        1.45        1.18        0.97        0.80        0.68        0.58        0.51        0.45         nan         nan         nan         nan
      116.13      160.70      199.33      236.85      271.45      298.87      315.78      320.32      311.05      292.71      279.14      278.14      279.34      272.72      257.51      236.25      211.44      185.11      158.97      136.70      118.01      100.36       84.13       69.60       56.93       46.09       36.98       29.44       23.31       18.39       14.46       11.35        8.90        6.97        5.47        4.31        3.40        2.70        2.15        1.73        1.39        1.14        0.94        0.79        0.67        0.58        0.51         nan         nan         nan         nan
      127.75      180.85      227.65      273.59      316.54      351.37      373.90      381.65      372.60      352.28      337.28      337.16      339.49      332.15      314.14      288.58      258.50      226.43      194.50      167.29      144.43      122.83      102.93       85.10       69.55       56.25       45.08       35.85       28.35       22.32       17.53       13.73       10.74        8.41        6.58        5.17        4.07        3.22        2.56        2.05        1.65        1.34        1.10        0.92        0.77        0.66        0.58         nan         nan         nan         nan
      140.31      203.17      259.59      315.58      368.60      412.51      442.09      454.05      445.70      423.35      406.92      408.08      411.97      403.90      382.64      351.94      315.55      276.55      237.62      204.43      176.55      150.15      125.79      103.95       84.90       68.61       54.92       43.62       34.45       27.09       21.23       16.60       12.97       10.13        7.92        6.20        4.88        3.85        3.06        2.44        1.96        1.59        1.29        1.07        0.89        0.76        0.66         nan         nan         nan         nan
      153.85      227.83      295.53      363.44      428.55      483.52      521.87      539.31      532.25      507.93      490.13      493.08      499.04      490.27      465.22      428.45      384.50      337.20      289.82      249.43      215.50      183.29      153.53      126.84      103.53       83.60       66.86       53.04       41.83       32.84       25.70       20.07       15.65       12.20        9.52        7.44        5.84        4.60        3.64        2.90        2.32        1.87        1.52        1.25        1.04        0.88        0.75         nan         nan         nan         nan
      168.41      254.97      335.84      417.83      497.38      565.76      614.95      639.41      634.42      608.26      589.23      594.61      603.29      593.88      564.46      520.51      467.57      410.33      352.83      303.80      262.60      223.40      187.13      154.56      126.09      101.75       81.30       64.43       50.75       39.79       31.09       24.24       18.86       14.68       11.43        8.92        6.99        5.49        4.34        3.45        2.75        2.21        1.79        1.47        1.21        1.01        0.86         nan         nan         nan         nan
      184.02      284.74      380.92      479.46      576.19      660.70      723.19      756.52      754.63      726.86      706.83      715.45      727.62      717.68      683.23      630.85      567.26      498.19      428.58      369.23      319.38      271.80      227.70      188.05      153.37      123.68       98.75       78.19       61.51       48.17       37.59       29.25       22.73       17.66       13.72       10.69        8.36        6.56        5.17        4.10        3.26        2.62        2.11        1.72        1.41        1.17        0.99         nan         nan         nan         nan
      200.73      317.27      431.15      549.06      666.09      769.92      848.58      893.03      895.50      866.49      845.81      858.63      875.25      864.93      824.70      762.47      686.33      603.26      519.28      447.69      387.55      330.01      276.55      228.40      186.24      150.14      119.80       94.78       74.49       58.26       45.40       35.28       27.37       21.22       16.47       12.81        9.99        7.82        6.16        4.87        3.87        3.09        2.49        2.02        1.65        1.36        1.14         nan         nan         nan         nan
      218.54      352.69      486.92      627.37      768.28      895.08      993.24     1051.46     1059.83     1030.13     1009.28     1027.47     1049.63     1039.13      992.33      918.64      827.81      728.28      627.34      541.32      469.06      399.71      335.12      276.85      225.76      181.95      145.12      114.73       90.09       70.39       54.78       42.52       32.93       25.49       19.75       15.33       11.94        9.33        7.33        5.78        4.59        3.66        2.94        2.37        1.93        1.58        1.31         nan         nan         nan         nan
      237.46      391.07      548.60      715.14      883.94     1037.87     1159.39     1234.43     1250.57     1220.92     1200.52     1225.43     1254.41     1243.98     1189.71     1102.79      994.90      876.14      755.34      652.43      566.02      482.79      405.08      334.80      273.08      220.08      175.49      138.67      108.81       84.94       66.04       51.18       39.59       30.60       23.67       18.34       14.25       11.12        8.71        6.86        5.43        4.32        3.46        2.79        2.26        1.85        1.52         nan         nan         nan         nan
      257.39      432.48      616.51      813.09     1014.27     1199.99     1349.23     1444.62     1470.73     1442.05     1422.88     1456.07     1493.28     1483.19     1420.50     1318.42     1190.83     1049.83      905.96      783.49      680.69      581.30      488.21      403.81      329.52      265.64      211.81      167.33      131.23      102.36       79.50       61.55       47.55       36.70       28.34       21.92       17.01       13.24       10.36        8.14        6.43        5.11        4.08        3.28        2.65        2.16        1.77         nan         nan         nan         nan
      278.22      476.93      690.95      921.87     1160.39     1383.11     1564.92     1684.62     1723.23     1696.67     1679.68     1722.84     1769.81     1760.36     1688.19     1568.85     1418.77     1252.27     1081.87      936.96      815.38      697.35      586.42      485.55      396.54      319.82      255.08      201.50      157.98      123.16       95.58       73.93       57.04       43.97       33.90       26.18       20.28       15.76       12.31        9.66        7.61        6.04        4.81        3.86        3.11        2.52        2.06         nan         nan         nan         nan
      299.73      524.42      772.15     1042.08     1323.36     1588.74     1808.47     1956.86     2010.81     1987.71     1973.98     2028.91     2087.22     2078.66     1995.89     1857.09     1681.55     1486.13     1285.55     1115.20      972.38      833.11      701.70      581.79      475.67      383.96      306.40      242.10      189.80      147.92      114.73       88.66       68.35       52.62       40.52       31.25       24.16       18.75       14.61       11.44        9.01        7.12        5.67        4.53        3.64        2.95        2.40         nan         nan         nan         nan
      321.63      574.87      860.25     1174.22     1504.06     1818.21     2081.62     2263.42     2335.82     2317.69     2308.37     2376.92     2448.11     2440.64     2346.03     2185.47     1981.45     1753.61     1519.12     1320.30     1153.80      990.62      835.98      694.33      568.52      459.46      366.97      290.13      227.51      177.29      137.47      106.17       81.77       62.89       48.37       37.25       28.76       22.28       17.34       13.55       10.65        8.41        6.67        5.32        4.27        3.45        2.80         nan         nan         nan         nan
      343.64      628.27      955.32     1318.63     1703.19     2072.58     2385.72     2605.91     2700.04     2688.50     2684.78     2768.72     2854.19     2847.84     2740.07     2555.41     2319.88     2056.18     1784.09     1553.88     1361.37     1171.69      991.08      824.91      676.71      547.77      438.06      346.65      272.00      212.01      164.37      126.91       97.68       75.06       57.66       44.35       34.20       26.46       20.55       16.04       12.58        9.91        7.85        6.25        5.01        4.03        3.26         nan         nan         nan         nan
      364.92      685.09     1057.31     1475.47     1921.16     2352.48     2721.63     2985.28     3104.49     3101.19     3104.19     3205.08     3305.94     3300.53     3178.18     2967.09     2697.15     2394.31     2081.13     1816.85     1596.29     1377.71     1168.51      975.08      801.75      650.31      520.95      412.80      324.21      252.86      196.09      151.38      116.47       89.44       68.65       52.75       40.62       31.38       24.34       18.96       14.84       11.68        9.23        7.34        5.86        4.71        3.80         nan         nan         nan         nan
      384.80      745.72     1166.05     1644.72     2158.08     2658.13     3089.54     3401.67     3549.21     3555.70     3566.38     3685.44     3802.41     3797.46     3658.99     3419.23     3112.19     2767.24     2409.84     2109.24     1858.98     1609.48     1369.34     1146.08      944.98      768.40      616.89      489.70      385.15      300.67      233.31      180.15      138.59      106.38       81.60       62.64       48.19       37.18       28.79       22.40       17.50       13.75       10.85        8.61        6.86        5.50        4.43         nan         nan         nan         nan
      402.84      810.46     1281.24     1826.11     2413.70     2989.17     3488.92     3854.28     4033.13     4050.77     4069.79     4207.74     4340.99     4335.68     4179.46     3908.91     3562.40     3172.85     2768.62     2429.97     2148.94     1867.00     1593.99     1338.69     1107.38      903.15      727.01      578.45      455.79      356.32      276.76      213.82      164.54      126.28       96.82       74.27       57.08       43.99       34.03       26.43       20.62       16.17       12.74       10.09        8.03        6.43        5.17         nan         nan         nan         nan
      418.60      879.75     1402.42     2019.13     2687.34     3344.66     3918.40     4341.26     4553.98     4583.75     4611.36     4768.31     4917.40     4910.51     4734.83     4431.58     4043.64     3607.55     3154.54     2776.79     2464.58     2149.32     1842.13     1553.06     1289.51     1055.38      852.26      680.01      537.08      420.67      327.20      253.04      194.82      149.55      114.64       87.90       67.50       51.97       40.16       31.15       24.27       19.00       14.95       11.82        9.39        7.50        6.02         nan         nan         nan         nan
      431.50      954.24     1529.02     2223.00     2977.91     3723.01     4375.80     4859.71     5108.22     5150.63     5186.57     5361.92     5525.73     5515.68     5318.80     4981.19     4550.36     4066.44     3563.44     3146.28     2803.20     2454.49     2112.53     1788.61     1491.30     1225.42      993.27      795.17      629.86      494.52      385.38      298.45      230.00      176.65      135.44      103.83       79.69       61.31       47.32       36.67       28.53       22.30       17.52       13.83       10.97        8.74        7.00         nan         nan         nan         nan
      440.97     1034.73     1660.46     2436.67     3283.88     4122.03     4858.06     5405.71     5691.13     5746.09     5789.52     5981.96     6158.71     6143.60     5923.83     5550.51     5075.85     4543.51     3990.08     3533.95     3161.05     2779.53     2402.99     2043.91     1712.01     1413.09     1150.25      924.44      734.78      578.60      451.99      350.70      270.64      208.05      159.59      122.35       93.89       72.19       55.68       43.10       33.50       26.15       20.51       16.16       12.80       10.19        8.15         nan         nan         nan         nan
      446.25     1120.07     1798.41     2658.84     3603.30     4538.89     5361.38     5974.40     6296.98     6363.72     6413.20     6620.72     6808.11     6785.83     6541.57     6131.58     5612.69     5031.99     4428.48     3934.50     3533.48     3120.58     2710.47     2316.72     1950.16     1617.57     1322.94     1067.94      852.25      673.46      527.64      410.39      317.30      244.25      187.52      143.83      110.37       84.84       65.39       50.58       39.27       30.62       23.98       18.87       14.92       11.86        9.46         nan         nan         nan         nan
      446.60     1208.51     1945.56     2887.95     3933.84     4970.30     5881.28     6560.20     6919.23     6996.30     7049.81     7269.82     7465.15     7433.53     7163.41     6716.17     6153.19     5524.83     4872.26     4342.17     3915.28     3473.06     3031.12     2603.99     2203.49     1837.36     1510.49     1225.37      982.35      779.41      612.81      478.03      370.48      285.70      219.63      168.59      129.42       99.49       76.65       59.25       45.96       35.80       28.01       22.01       17.38       13.78       10.99         nan         nan         nan         nan
      440.04     1299.39     2104.28     3122.25     4272.87     5412.49     6412.85     7157.01     7550.85     7636.13     7691.15     7920.67     8121.04     8078.03     7780.98     7296.32     6689.90     6015.10     5315.09     4751.07     4300.94     3831.98     3360.58     2902.07     2469.12     2070.33     1711.49     1395.92     1124.74      896.51      707.75      554.04      430.63      332.87      256.33      197.00      151.34      116.37       89.66       69.27       53.70       41.79       32.66       25.64       20.21       16.01       12.74         nan         nan         nan         nan
      429.77     1391.75     2276.81     3361.05     4617.50     5861.44     6950.82     7758.50     8184.62     8275.39     8329.05     8564.88     8767.48     8711.26     8386.59     7864.81     7216.01     6496.45     5751.06     5155.59     4685.07     4192.26     3694.22     3206.90     2743.65     2313.80     1923.95     1578.28     1278.70     1024.46      812.50      638.63      498.10      386.12      298.01      229.41      176.44      135.75      104.61       80.81       62.62       48.70       38.03       29.82       23.48       18.57       14.76         nan         nan         nan         nan
      411.77     1483.78     2458.08     3612.96     4964.67     6312.95     7489.88     8358.34     8813.47     8906.55     8955.76     9194.74     9396.99     9326.18     8973.64     8415.42     7725.68     6963.38     6174.98     5550.71     5062.69     4549.06     4027.45     3514.27     3023.36     2564.65     2145.43     1770.64     1443.04     1162.58      926.79      731.81      573.08      445.74      344.97      266.13      204.99      157.89      121.74       94.06       72.87       56.65       44.20       34.63       27.24       21.52       17.08         nan         nan         nan         nan
      388.00     1573.18     2644.14     3888.19     5311.52     6762.81     8024.80     8950.48     9430.78     9522.66     9564.24     9803.44    10003.25     9916.96     9536.76     8943.18     8214.26     7411.45     6582.60     5932.18     5429.46     4898.02     4355.98     3820.08     3304.47     2819.56     2373.14     1970.83     1616.15     1309.82     1050.02      833.37      655.58      511.92      397.49      307.45      237.30      183.03      141.25      109.19       84.60       65.75       51.28       40.14       31.55       24.90       19.73         nan         nan         nan         nan
      360.01     1656.36     2834.02     4185.00     5668.67     7206.93     8550.61     9529.32    10030.55    10117.57    10148.46    10385.35    10581.19    10479.09    10071.91     9444.39     8678.26     7837.30     6970.69     6296.71     5781.86     5235.48     4676.06     4120.57     3583.38     3075.16     2604.11     2176.37     1796.11     1464.80     1181.29      942.79      745.42      584.67      455.70      353.58      273.58      211.40      163.37      126.38       97.97       76.14       59.36       46.44       36.47       28.76       22.77         nan         nan         nan         nan
      329.57     1728.45     3026.72     4488.42     6064.55     7644.22     9062.76    10089.88    10607.60    10686.07    10703.46    10936.03    11127.04    11009.40    10576.32     9916.56     9115.33     8240.90     7359.42     6655.38     6117.26     5558.54     4984.59     4412.51     3856.79     3328.27     2835.38     2384.64     1980.75     1625.82     1319.39     1059.29      842.15      663.82      519.64      404.66      314.03      243.23      188.28      145.83      113.12       87.95       68.56       53.63       42.09       33.16       26.23         nan         nan         nan         nan
      299.44     1784.71     3221.21     4795.18     6485.62     8115.09     9558.50    10627.89    11157.64    11224.00    11225.39    11452.26    11638.23    11505.83    11048.33    10359.20     9541.02     8671.00     7779.88     7041.50     6445.84     5865.13     5279.18     4693.28     4121.93     3576.04     3064.17     2593.06     2167.78     1790.99     1462.87     1181.85      945.15      749.04      589.17      460.72      358.77      278.66      216.17      167.70      130.23      101.30       79.00       61.78       48.47       38.17       30.17         nan         nan         nan         nan
      271.77     1820.17     3416.33     5103.61     6908.64     8634.70    10087.86    11144.83    11677.25    11728.18    11711.47    11931.86    12113.25    11969.05    11505.17    10827.25    10012.89     9115.93     8187.25     7422.74     6800.09     6165.64     5558.22     4960.93     4376.58     3816.06     3287.98     2799.17     2354.93     1958.34     1610.09     1309.23     1053.53      839.78      664.03      521.66      407.83      317.80      247.18      192.14      149.42      116.35       90.78       71.01       55.70       43.84       34.63         nan         nan         nan         nan
      247.36     1830.70     3610.67     5412.09     7330.58     9155.34    10677.01    11727.33    12205.83    12214.12    12173.50    12394.12    12593.67    12475.92    12024.02    11326.78    10475.64     9541.09     8576.12     7787.08     7149.56     6490.30     5833.21     5214.18     4619.08     4046.43     3504.72     3000.80     2540.07     2125.88     1759.35     1440.02     1166.23      935.32      743.75      587.25      461.14      360.68      281.39      219.26      170.83      133.19      104.01       81.39       63.86       50.25       39.68         nan         nan         nan         nan
      226.67     1813.41     3802.28     5719.04     7749.33     9669.84    11260.70    12347.83    12822.19    12793.98    12726.26    12946.30    13149.94    13018.12    12536.63    11804.39    10916.57     9945.76     8945.99     8133.91     7483.00     6809.41     6130.44     5466.12     4848.54     4265.75     3712.75     3196.12     2721.30     2291.76     1908.92     1572.76     1282.09     1034.76      827.74      657.14      518.52      407.26      318.85      249.16      194.55      151.95      118.80       93.04       73.02       57.47       45.36         nan         nan         nan         nan
      209.28     1767.17     3987.72     6022.97     8162.95    10175.99    11832.29    12952.88    13429.22    13380.27    13289.46    13497.31    13689.29    13536.50    13025.49    12259.09    11335.70    10329.90     9296.76     8463.01     7800.05     7113.59     6421.19     5738.22     5080.09     4473.44     3910.84     3383.69     2897.00     2454.29     2057.19     1705.95     1399.82     1137.11      915.26      730.83      579.68      457.39      359.51      281.86      220.67      172.70      135.24      106.02       83.27       65.55       51.75         nan         nan         nan         nan
      194.39     1692.71     4161.45     6322.44     8569.65    10671.83    12389.87    13540.51    14016.18    13944.71    13829.63    14024.45    14204.36    14030.74    13490.80    12691.14    11733.30    10693.77     9628.59     8774.46     8100.70     7402.68     6698.24     6002.81     5328.95     4687.24     4099.12     3562.42     3065.88     2612.06     2202.68     1838.20     1518.17     1241.29     1005.48      807.70      644.22      510.85      403.27      317.34      249.21      195.52      153.40      120.43       94.68       74.58       58.89         nan         nan         nan         nan
      181.27     1594.40     4314.41     6616.06     8967.83    11155.66    12931.86    14109.39    14582.03    14486.53    14346.29    14527.55    14695.26    14501.14    13932.96    13101.00    12109.82    11037.79     9941.85     9068.56     8385.13     7676.74     6961.52     6254.96     5569.60     4914.42     4296.90     3733.41     3227.00     2763.92     2344.13     1968.20     1635.89     1346.22     1097.47      887.06      711.62      567.29      449.95      355.52      280.16      220.43      173.33      136.32      107.31       84.60       66.83         nan         nan         nan         nan
      169.39     1478.69     4434.18     6902.41     9356.03    11626.01    13456.93    14658.46    15126.00    15005.26    14839.23    15006.65    15162.26    14948.12    14352.49    13489.23    12465.83    11362.47    10236.99     9345.70     8653.70     7936.04     7211.16     6494.65     5799.03     5133.26     4504.05     3916.76     3382.80     2909.01     2480.52     2094.84     1751.86     1450.81     1190.32      968.14      781.32      626.32      499.28      396.25      313.46      247.43      195.08      153.75      121.22       95.68       75.65         nan         nan         nan         nan
      158.48     1355.56     4506.05     7179.68     9732.92    12081.61    13964.01    15186.92    15647.58    15500.61    15308.40    15461.93    15605.71    15372.16    14749.96    13856.42    12801.92    11668.38    10514.54     9606.37     8906.84     8180.94     7447.43     6722.03     6017.26     5342.07     4703.11     4105.41     3552.91     3052.15     2611.07     2217.19     1865.08     1554.10     1283.09     1050.15      852.67      687.45      550.92      439.33      349.00      276.47      218.63      172.74      136.46      107.86       85.37         nan         nan         nan         nan
      148.43     1235.24     4513.47     7445.01    10097.29    12521.31    14452.16    15694.11    16146.36    15972.44    15753.85    15893.61    16026.00    15773.76    15125.91    14203.14    13118.65    11956.07    10775.00     9851.03     9145.00     8411.85     7670.68     6937.36     6224.43     5540.86     4893.25     4286.53     3724.48     3209.35     2743.57     2334.79     1974.72     1655.19     1374.93     1132.30      924.99      750.15      604.47      484.47      386.59      307.46      243.96      193.29      153.04      121.19       96.04         nan         nan         nan         nan
      139.23     1125.12     4446.65     7693.13    10448.04    12944.14    14920.62    16179.50    16622.07    16420.64    16175.64    16301.94    16423.50    16153.37    15480.86    14529.93    13416.55    12226.05    11018.84    10080.17     9368.66     8629.22     7881.31     7140.96     6420.78     5729.76     5074.46     4459.76     3889.32     3365.25     2888.18     2458.35     2081.07     1753.32     1465.05     1213.83      997.62      813.84      659.50      531.35      426.03      340.27      270.99      215.37      170.97      135.67      107.70         nan         nan         nan         nan
      130.85     1029.46     4301.97     7914.25    10784.04    13349.17    15368.66    16642.62    17074.45    16845.13    16573.84    16687.09    16798.50    16511.38    15815.21    14837.22    13696.07    12478.75    11246.50    10294.19     9578.23     8833.47     8079.71     7333.19     6606.59     5908.96     5246.86     4625.10     4047.24     3515.30     3029.83     2590.50     2196.57     1850.32     1552.79     1294.07     1069.90      877.96      715.53      579.61      467.05      374.71      299.61      238.95      190.24      151.33      120.36         nan         nan         nan         nan
      123.26      948.57     4086.28     8094.58    11103.96    13735.54    15795.63    17083.02    17503.23    17245.81    16948.48    17049.21    17151.23    16848.06    16129.31    15125.36    13957.56    12714.54    11458.32    10493.46     9774.10     9024.97     8266.26     7514.39     6782.16     6078.70     5410.59     4782.59     4198.18     3659.30     3166.44     2719.20     2316.71     1957.82     1642.37     1372.56     1141.23      941.95      772.08      628.85      509.34      410.58      329.69      263.92      210.80      168.14      134.04         nan         nan         nan         nan
      116.38      880.06     3817.05     8204.01    11405.76    14102.43    16200.88    17500.25    17908.13    17622.51    17299.48    17388.33    17481.81    17163.60    16423.36    15394.60    14201.29    12933.67    11654.57    10678.26     9956.57     9204.05     8441.28     7684.88     6947.81     6239.25     5565.86     4932.36     4342.18     3797.19     3297.81     2843.59     2433.63     2066.72     1741.45     1456.25     1211.94     1005.28      828.66      678.67      552.58      447.62      361.04      290.18      232.60      186.09      148.72         nan         nan         nan         nan
      110.15      820.48     3520.51     8219.25    11685.10    14448.99    16583.75    17893.81    18288.78    17974.99    17626.70    17704.37    17790.23    17458.06    16697.48    15645.07    14427.40    13136.31    11835.41    10848.78    10125.89     9370.99     8605.05     7844.96     7103.79     6390.86     5712.87     5074.57     4479.33     3928.96     3423.84     2963.49     2546.92     2172.91     1840.04     1546.54     1290.29     1070.02      884.89      728.64      596.42      485.57      393.48      317.59      255.53      205.11      164.38         nan         nan         nan         nan
      104.50      766.85     3223.79     8113.29    11933.64    14774.26    16943.53    18263.13    18644.74    18302.90    17929.87    17997.15    18076.38    17731.38    16951.64    15876.78    14635.95    13322.54    12000.95    11005.16    10282.23     9525.98     8757.81     7994.85     7250.35     6533.75     5851.84     5209.38     4609.72     4054.65     3544.51     3078.75     2656.37     2276.09     1936.46     1635.75     1371.89     1142.56      945.31      779.07      640.52      524.14      426.77      345.99      279.49      225.14      180.99         nan         nan         nan         nan
       99.36      717.33     2949.48     7871.07    12134.97    15076.93    17279.45    18607.56    18975.48    18605.78    18208.61    18266.37    18340.03    17983.37    17185.71    16089.64    14826.87    13492.33    12151.17    11147.42    10425.66     9669.14     8899.71     8134.75     7387.69     6668.13     5982.94     5336.95     4733.50     4174.35     3659.82     3189.33     2761.85     2376.03     2030.41     1723.26     1452.56     1216.07     1011.33      835.69      686.86      563.20      460.67      375.18      304.34      246.08      198.48         nan         nan         nan         nan
       94.69      671.19     2710.53     7496.81    12262.37    15354.65    17590.66    18926.37    19280.35    18883.08    18462.43    18511.59    18580.81    18213.74    17399.45    16283.46    15000.00    13645.55    12286.00    11275.54    10556.22     9800.56     9030.85     8264.77     7515.94     6794.14     6106.34     5457.44     4850.78     4288.13     3769.80     3295.21     2863.25     2472.58     2121.67     1808.79     1531.95     1288.97     1077.50      895.03      738.96      606.67      496.08      405.03      329.93      267.83      216.79         nan         nan         nan         nan
       90.44      628.36     2508.52     7025.53    12278.07    15602.39    17876.18    19218.73    19558.59    19134.09    18690.70    18732.27    18798.24    18422.07    17592.48    16457.91    15155.08    13781.99    12405.26    11389.38    10673.83     9920.20     9151.27     8385.00     7635.22     6911.91     6222.17     5570.96     4961.68     4396.09     3874.52     3396.38     2960.55     2565.63     2210.07     1892.11     1609.79     1360.96     1143.34      954.57      792.15      653.60      536.40      438.10      356.78      290.30      235.83         nan         nan         nan         nan
       86.56      588.95     2337.25     6502.66    12141.57    15808.08    18134.72    19483.66    19809.31    19358.01    18892.69    18927.72    18991.71    18607.81    17764.34    16612.59    15291.76    13901.36    12508.70    11488.77    10778.37    10028.01     9260.93     8495.43     7745.57     7021.50     6330.50     5677.62     5066.28     4498.30     3974.02     3492.87     3053.70     2655.10     2295.48     1973.05     1685.84     1431.76     1208.58     1014.01      845.69      701.26      578.32      474.52      387.57      315.32      256.02         nan         nan         nan         nan
       83.08      553.00     2187.37     5979.52    11823.20    15952.18    18364.21    19720.09    20031.50    19553.90    19067.50    19097.14    19160.49    18770.31    17914.45    16746.99    15409.60    14003.26    12595.99    11573.43    10869.65    10123.85     9359.77     8596.04     7846.97     7122.94     6431.38     5777.45     5164.65     4594.82     4068.36     3584.71     3142.72     2740.95     2377.80     2051.45     1759.93     1501.16     1272.96     1073.10      899.33      749.39      621.02      511.96      420.03      343.13      279.30         nan         nan         nan         nan
       79.97      520.37     2050.68     5507.61    11315.59    15997.26    18560.56    19926.76    20224.04    19720.68    19214.16    19239.62    19303.74    18908.81    18042.11    16860.49    15508.06    14087.24    12666.74    11643.05    10947.42    10207.53     9447.63     8686.72     7939.37     7216.20     6524.81     5870.50     5256.83     4685.70     4157.58     3671.91     3227.59     2823.15     2456.97     2127.22     1831.91     1568.97     1336.26     1131.61      952.84      797.78      664.28      550.19      453.45      372.03      304.04         nan         nan         nan         nan
       77.22      490.77     1922.18     5099.34    10667.87    15902.87    18713.79    20102.09    20385.64    19857.16    19331.53    19354.11    19420.50    19022.44    18146.55    16952.41    15586.52    14152.76    12720.48    11697.23    11011.36    10278.79     9524.33     8767.33     8022.67     7301.22     6610.76     5956.75     5342.81     4770.95     4241.68     3754.50     3308.32     2901.68     2532.94     2200.27     1901.66     1635.05     1398.32     1189.35     1006.01      846.22      707.92      589.07      487.70      401.88      329.78         nan         nan         nan         nan
       74.85      463.89     1800.37     4756.89     9933.85    15617.04    18806.94    20243.69    20514.89    19962.01    19418.38    19439.45    19509.72    19110.22    18226.88    17021.94    15644.29    14199.21    12756.69    11735.52    11061.10    10337.34     9589.62     8837.69     8096.73     7377.88     6689.16     6036.14     5422.58     4850.56     4320.66     3832.46     3384.89     2976.51     2605.67     2270.52     1969.07     1699.26     1458.97     1246.12     1058.64      894.51      751.75      628.43      522.64      432.56      356.44         nan         nan         nan         nan
       72.70      439.53     1685.54     4464.75     9201.56    15113.77    18807.75    20347.13    20610.18    20033.78    19473.33    19494.38    19570.20    19171.08    18282.12    17068.23    15680.62    14225.93    12774.78    11757.43    11096.23    10382.84     9643.22     8897.56     8161.36     7446.04     6759.87     6108.59     5496.07     4924.48     4394.50     3905.78     3457.29     3047.61     2675.11     2337.92     2034.07     1761.48     1518.07     1301.78     1110.57      942.48      795.61      668.09      558.12      463.96      383.92         nan         nan         nan         nan
       70.72      417.57     1578.99     4201.38     8525.07    14400.99    18670.74    20403.26    20669.51    20070.88    19494.91    19517.50    19600.66    19203.83    18311.22    17090.32    15694.64    14232.18    12774.11    11762.41    11116.30    10414.90     9684.81     8946.66     8216.32     7505.52     6822.76     6173.98     5563.18     4992.64     4463.14     3974.40     3525.47     3114.95     2741.21     2402.41     2096.57     1821.63     1575.51     1356.19     1161.64      989.97      839.32      707.91      594.00      495.94      412.14         nan         nan         nan         nan
       68.84      397.86     1481.29     3957.10     7950.22    13553.67    18345.79    20393.60    20689.92    20071.58    19481.50    19507.31    19599.71    19207.21    18313.03    17087.20    15685.47    14217.16    12753.99    11749.86    11120.78    10433.09     9714.02     8984.69     8261.35     7556.07     6877.63     6232.15     5623.79     5054.94     4526.49     4038.27     3589.38     3178.46     2803.92     2463.92     2156.50     1879.61     1631.19     1409.21     1211.72     1036.82      882.74      747.73      630.15      528.41      440.98         nan         nan         nan         nan
       67.08      380.29     1392.44     3717.18     7470.84    12651.44    17798.26    20287.59    20665.79    20033.87    19431.39    19462.20    19565.85    19179.83    18286.30    17057.74    15652.13    14180.04    12713.69    11719.16    11109.16    10436.94     9730.45     9011.30     8296.16     7597.46     6924.26     6282.92     5677.74     5111.24     4584.46     4097.30     3648.94     3238.09     2863.18     2522.39     2213.79     1935.33     1684.99     1460.75     1260.67     1082.91      925.72      787.42      666.43      561.22      470.35         nan         nan         nan         nan
       65.41      364.88     1311.89     3488.37     7060.56    11796.09    17034.31    20041.25    20586.66    19955.22    19342.69    19380.44    19497.49    19120.24    18229.70    17000.78    15593.60    14119.92    12652.43    11669.63    11080.84    10425.96     9733.66     9026.11     8320.41     7629.38     6962.41     6326.07     5724.84     5161.40     4636.90     4151.37     3704.06     3293.76     2918.91     2577.75     2268.35     1988.72     1736.82     1510.68     1308.38     1128.10      968.13      826.85      702.70      594.26      500.13         nan         nan         nan         nan
       63.82      351.71     1238.72     3268.61     6686.49    11051.23    16113.67    19610.05    20432.98    19831.69    19213.37    19260.19    19392.91    19026.86    18141.84    16915.08    15508.79    14035.87    12569.39    11600.56    11035.21    10399.61     9723.20     9028.72     8333.75     7651.53     6991.78     6361.35     5764.88     5205.22     4683.65     4200.33     3754.62     3345.34     2971.01     2629.90     2320.11     2039.68     1786.60     1558.92     1354.73     1172.27     1009.85      865.87      738.86      627.42      530.22         nan         nan         nan         nan
       62.33      340.60     1172.74     3063.32     6325.48    10433.73    15138.55    18967.86    20174.29    19656.22    19040.96    19099.49    19250.32    18898.05    18021.23    16799.34    15396.58    13926.88    12463.71    11511.21    10971.64    10357.34     9698.57     9018.69     8335.78     7663.56     7012.09     6388.49     5797.62     5242.48     4724.53     4244.04     3800.47     3392.73     3019.38     2678.74     2368.97     2088.12     1834.22     1605.35     1399.63     1215.31     1050.74      904.38      774.76      660.57      560.52         nan         nan         nan         nan
       60.92      330.13     1114.56     2874.67     5964.12     9917.28    14217.46    18145.96    19772.36    19415.87    18822.07    18896.16    19067.79    18732.07    17866.31    16652.19    15255.75    13791.94    12334.49    11400.79    10889.44    10298.55     9659.25     8995.56     8326.11     7665.09     7022.98     6407.19     5822.79     5272.96     4759.33     4282.31     3841.46     3435.77     3063.88     2724.17     2414.81     2133.93     1879.58     1649.86     1442.95     1257.10     1090.70      942.24      810.30      693.60      590.91         nan         nan         nan         nan
       59.58      320.33     1064.38     2702.98     5604.33     9455.17    13427.37    17187.43    19197.07    19090.90    18550.81    18647.65    18843.27    18527.08    17675.46    16472.19    15085.09    13629.97    12180.81    11268.49    10787.90    10222.62     9604.68     8958.84     8304.28     7655.74     7024.11     6417.12     5840.09     5296.39     4787.80     4314.91     3877.39     3474.31     3104.38     2766.04     2457.53     2177.00     1922.57     1692.36     1484.58     1297.53     1129.61      979.34      845.35      726.39      621.29         nan         nan         nan         nan
       58.32      311.13     1022.61     2547.40     5257.46     9004.32    12787.24    16232.48    18449.89    18652.90    18217.78    18350.49    18574.50    18281.14    17446.96    16257.87    14883.31    13439.86    12001.66    11113.44    10666.27    10128.87     9534.29     8908.00     8269.83     7635.08     7015.09     6417.95     5849.21     5312.47     4809.70     4341.63     3908.05     3508.15     3140.70     2804.20     2496.97     2217.20     1963.06     1732.72     1524.42     1336.48     1167.35     1015.57      879.81      758.84      651.55         nan         nan         nan         nan
       57.12      302.48      986.80     2410.10     4930.99     8541.23    12262.51    15380.47    17580.09    18078.57    17807.84    17999.27    18258.80    17992.16    17179.01    16007.66    14649.08    13220.43    11796.04    10934.74    10523.73    10016.61     9447.44     8842.50     8222.27     7602.67     6995.52     6409.29     5849.81     5320.90     4824.74     4362.20     3933.23     3537.09     3172.65     2838.49     2532.99     2254.40     2000.93     1770.82     1562.34     1373.84     1203.81     1050.81      913.54      790.83      681.59         nan         nan         nan         nan
       55.99      294.33      953.78     2295.22     4628.82     8063.93    11791.01    14693.30    16680.72    17370.37    17303.86    17585.86    17892.49    17657.86    16869.75    15719.99    14381.00    12970.48    11562.85    10731.43    10359.45     9885.09     9343.47     8761.74     8161.07     7558.03     6964.96     6390.76     5841.54     5321.35     4832.61     4376.35     3952.66     3560.90     3200.04     2868.73     2565.41     2288.43     2036.04     1806.53     1598.20     1409.47     1238.84     1084.92      946.44      822.24      711.28         nan         nan         nan         nan
       54.92      286.64      922.96     2202.19     4357.20     7585.47    11314.31    14169.43    15868.62    16568.66    16693.97    17099.03    17470.44    17275.51    16517.17    15393.18    14077.64    12688.72    11300.96    10502.48    10172.53     9733.49     9221.66     8665.09     8085.67     7500.66     6922.97     6361.93     5823.99     5313.47     4832.98     4383.78     3966.06     3579.34     3222.64     2894.70     2594.06     2319.12     2068.22     1839.68     1631.88     1443.25     1272.34     1117.80      978.37      852.95      740.52         nan         nan         nan         nan
       53.92      279.24      894.22     2119.58     4133.44     7121.69    10799.33    13752.48    15225.78    15758.94    15991.35    16530.78    16986.37    16841.77    16119.12    15025.50    13737.48    12375.40    11094.62    10295.54     9961.98     9560.97     9081.27     8551.87     7995.47     7430.03     6869.07     6322.38     5796.78     5296.87     4825.52     4384.16     3973.16     3592.12     3240.19     2916.18     2618.73     2346.30     2097.30     1870.13     1663.21     1475.02     1304.16     1149.29     1009.21      882.84      769.19         nan         nan         nan         nan
       52.97      272.39      867.33     2043.43     3952.58     6706.41    10243.29    13361.69    14779.71    15044.12    15246.09    15887.89    16436.86    16353.32    15673.28    14615.28    13404.90    12328.27    11400.88    10476.99     9768.44     9366.60     8921.48     8421.38     7889.84     7345.57     6802.73     6271.64     5759.48     5271.17     4809.85     4377.16     3973.62     3598.96     3252.43     2932.94     2639.19     2369.74     2123.09     1897.70     1692.04     1504.64     1334.15     1179.27     1038.83      911.78      797.17         nan         nan         nan         nan
       52.08      265.91      842.13     1972.89     3790.85     6374.27     9691.05    12929.93    14488.16    14515.94    14545.65    15207.72    15831.21    15810.33    15219.53    14437.80    13655.24    12794.72    11860.35    10895.48     9936.75     9190.51     8741.41     8272.83     7768.08     7246.66     6723.43     6209.21     5711.63     5235.94     4785.58     4362.41     3967.12     3599.56     3259.08     2944.69     2655.19     2389.24     2145.40     1922.19     1718.18     1531.94     1362.16     1207.59     1067.08      939.63      824.31         nan         nan         nan         nan
       51.26      259.77      818.51     1907.35     3642.92     6082.12     9220.97    12493.50    14299.00    14215.82    13997.62    14596.86    15332.57    15606.68    15453.49    14952.22    14203.64    13308.06    12335.87    11332.53    10332.48     9362.66     8586.71     8105.41     7629.47     7132.67     6630.57     6134.57     5652.75     5190.75     4752.31     4339.53     3953.28     3593.57     3259.82     2951.16     2666.49     2404.54     2163.98     1943.41     1741.44     1556.74     1388.02     1234.07     1093.82      966.25      850.50         nan         nan         nan         nan
       50.49      253.95      796.20     1846.35     3507.09     5816.43     8778.29    12069.41    14289.60    14410.08    14106.76    14755.32    15705.27    16174.20    16068.05    15549.69    14771.22    13839.25    12827.87    11784.67    10745.43     9735.00     8768.61     7974.69     7473.26     7002.90     6523.53     6047.17     5582.36     5135.13     4709.60     4308.12     3931.75     3580.64     3254.33     2952.05     2672.79     2415.39     2178.61     1961.12     1761.63     1578.84     1411.54     1258.56     1118.87      991.49      875.58         nan         nan         nan         nan
       49.78      248.45      775.19     1789.44     3381.95     5574.76     8361.82    11574.40    14172.16    14772.46    14599.62    15285.22    16283.27    16789.34    16694.77    16164.19    15357.37    14388.53    13336.75    12252.27    11172.48    10123.13     9118.69     8170.95     7369.85     6856.68     6401.67     5946.42     5499.90     5068.60     4656.99     4267.74     3902.12     3560.40     3242.26     2947.03     2673.80     2421.51     2189.01     1975.09     1778.50     1598.03     1432.52     1280.87     1142.06     1015.17      899.39         nan         nan         nan         nan
       49.14      243.25      755.40     1736.23     3266.16     5354.21     7980.42    11049.75    13873.33    15010.48    15068.28    15807.53    16852.24    17400.37    17326.92    16792.05    15960.67    14955.68    13862.74    12735.71    11614.00    10524.42     9481.90     8498.17     7581.31     6788.69     6265.27     5831.68     5404.82     4990.63     4594.02     4217.96     3863.96     3532.45     3223.24     2935.75     2669.18     2422.59     2194.92     1985.05     1791.82     1614.09     1450.77     1300.80     1163.21     1037.13      921.78         nan         nan         nan         nan
       48.56      238.32      736.74     1686.35     3158.59     5152.05     7633.14    10533.08    13435.77    15080.31    15474.06    16304.72    17400.63    17997.47    17955.52    17426.96    16577.75    15539.42    14405.64    13235.17    12070.29    10939.19     9857.38     8836.89     7885.84     7007.93     6234.37     5705.42     5296.51     4900.69     4520.18     4158.31     3816.84     3496.39     3196.87     2917.84     2658.60     2418.32     2196.04     1990.73     1801.33     1626.78     1466.04     1318.12     1182.11     1057.17      942.55         nan         nan         nan         nan
       48.04      233.66      719.05     1639.49     3058.44     4966.01     7318.02    10046.02    12911.31    14957.42    15765.03    16739.22    17902.49    18561.86    18567.12    18059.12    17202.61    16136.64    14964.31    13750.49    12541.54    11367.73    10245.43     9187.05     8200.90     7290.69     6457.64     5715.51     5182.43     4798.18     4434.93     4088.29     3760.29     3451.76     3162.75     2892.92     2641.70     2408.35     2192.03     1991.82     1806.74     1635.82     1478.09     1332.62     1198.55     1075.09      961.53         nan         nan         nan         nan
       47.59      229.27      702.33     1595.45     2965.04     4794.17     7029.60     9597.38    12351.62    14647.70    15888.75    17056.02    18310.75    19057.95    19138.73    18673.26    17825.07    16741.75    15535.92    14280.65    13027.59    11810.22    10646.31     9548.93     8526.64     7583.17     6719.69     5935.73     5234.04     4700.54     4337.72     4007.38     3693.84     3398.12     3120.44     2860.58     2618.08     2392.32     2182.57     1988.00     1807.76     1640.94     1486.65     1344.04     1212.30     1090.67      978.49         nan         nan         nan         nan
       47.21      225.14      686.55     1554.02     2877.81     4634.98     6765.40     9187.90    11797.74    14199.42    15810.44    17194.71    18563.46    19433.57    19630.72    19243.88    18429.06    17344.40    16114.88    14823.05    13527.48    12266.48    11060.18     9922.79     8863.32     7885.62     6990.83     6178.38     5446.48     4792.51     4264.83     3915.19     3616.95     3334.98     3069.48     2820.38     2587.33     2369.84     2167.28     1978.94     1804.06     1641.84     1491.45     1352.12     1223.09     1103.66      993.22         nan         nan         nan         nan
       46.90      221.26      671.66     1514.96     2796.13     4487.14     6522.41     8814.64    11272.23    13663.43    15531.58    17113.47    18597.60    19619.59    19983.85    19728.38    18987.68    17928.40    16691.47    15372.34    14038.69    12735.58    11486.87    10308.76     9211.18     8198.32     7271.31     6429.55     5671.13     4992.33     4387.80     3876.73     3530.71     3261.84     3009.40     2771.87     2549.03     2340.50     2145.78     1964.27     1795.31     1638.18     1492.17     1356.56     1230.65     1113.82     1005.47         nan         nan         nan         nan
       46.68      217.63      657.55     1477.56     2719.57     4349.54     6298.12     8473.53    10786.07    13093.60    15088.06    16806.88    18381.26    19557.88    20135.67    20065.46    19457.42    18466.18    17249.27    15919.26    14556.12    13215.08    11925.45    10706.67     9570.35     8521.45     7561.38     6689.49     5903.78     5200.43     4573.87     4017.90     3534.25     3185.43     2939.69     2714.57     2502.72     2303.87     2117.66     1943.59     1781.12     1629.63     1488.48     1357.05     1234.70     1120.86     1014.98         nan         nan         nan         nan
       46.54      214.25      644.24     1442.90     2647.68     4221.18     6090.46     8160.63    10343.07    12529.90    14538.26    16312.59    17927.01    19226.68    20018.89    20185.30    19777.00    18914.03    17762.41    16447.56    15070.49    13700.17    12373.51    11115.58     9940.61     8855.12     7861.23     6958.42     6144.68     5416.06     4766.83     4190.60     3680.87     3232.72     2881.74     2648.08     2447.92     2259.50     2082.48     1916.50     1761.11     1615.81     1480.04     1353.27     1234.92     1124.49     1021.47         nan         nan         nan         nan
       46.49      211.13      631.70     1410.23     2580.07     4101.19     5897.69     7872.52     9935.55    11996.03    13942.53    15695.24    17291.44    18656.24    19624.42    20037.77    19878.01    19211.40    18185.71    16929.89    15565.97    14181.53    12826.21    11533.19    10321.07     9199.07     8170.91     7236.53     6394.04     5639.45     4966.90     4369.81     3841.50     3375.42     2965.32     2621.59     2385.92     2206.90     2039.80     1882.56     1734.87     1596.32     1466.47     1344.85     1230.97     1124.38     1024.64         nan         nan         nan         nan
       46.53      208.28      619.93     1379.38     2516.57     3988.86     5718.33     7606.34     9562.00    11500.80    13347.76    15025.77    16553.39    17918.15    18991.70    19610.46    19710.70    19292.59    18460.65    17324.38    16015.76    14643.70    13274.76    11954.78    10709.43     9552.28     8490.10     7523.84     6652.03     5870.82     5174.30     4555.74     4008.28     3525.19     3100.04     2726.56     2401.80     2157.16     1989.14     1841.31     1701.95     1570.76     1447.37     1331.41     1222.49     1120.19     1024.15         nan         nan         nan         nan
       46.67      205.68      608.88     1350.34     2456.97     3883.72     5551.15     7359.66     9218.39    11045.70    12781.86    14357.71    15788.00    17098.95    18199.97    18949.04    19268.98    19109.37    18524.16    17573.76    16378.38    15060.34    13703.59    12371.77    11101.33     9912.36     8817.72     7820.00     6918.67     6110.32     5389.24     4748.62     4181.44     3680.82     3240.13     2852.93     2513.08     2214.98     1966.89     1794.04     1661.89     1538.66     1422.31     1312.55     1209.08     1111.55     1019.65         nan         nan         nan         nan
       46.92      203.35      598.54     1323.08     2400.96     3785.20     5395.09     7130.47     8901.06    10627.48    12256.56    13723.76    15048.20    16276.11    17342.27    18136.38    18598.52    18660.48    18331.18    17617.65    16598.91    15391.02    14087.06    12769.24    11488.30    10274.64     9151.29     8123.92     7193.61     6357.94     5611.86     4948.63     4361.19     3842.51     3385.80     2984.43     2632.06     2322.80     2051.27     1814.15     1628.79     1499.73     1390.83     1287.83     1190.33     1098.06     1010.77         nan         nan         nan         nan
       47.29      201.31      588.93     1297.52     2348.25     3692.88     5249.25     6917.04     8607.29    10243.12    11773.63    13138.71    14361.51    15498.69    16494.80    17267.15    17785.97    17993.70    17883.33    17417.31    16621.34    15583.76    14385.95    13122.32    11856.13    10630.75     9486.10     8433.13     7475.76     6613.27     5842.11     5155.90     4547.72     4010.48     3537.26     3121.27     2755.98     2435.29     2153.63     1906.02     1688.06     1500.04     1358.98     1256.83     1165.80     1079.30      997.09         nan         nan         nan         nan
       47.76      199.57      580.08     1273.55     2298.85     3606.36     5112.88     6717.93     8334.27     9888.28    11330.20    12603.14    13736.38    14788.99    15704.12    16416.68    16924.17    17194.35    17229.60    16975.21    16410.61    15585.59    14551.58    13393.43    12181.10    10966.27     9813.86     8743.07     7762.78     6875.16     6079.56     5370.35     4741.12     4184.90     3694.72     3263.66     2885.04     2552.55     2260.44     2003.54     1777.28     1577.67     1401.30     1250.88     1139.03     1054.80      978.17         nan         nan         nan         nan
       48.35      198.12      571.90     1251.21     2252.74     3525.40     4985.32     6531.95     8077.88     9559.53    10922.15    12113.88    13170.85    14150.90    14989.31    15629.49    16086.78    16353.99    16453.01    16340.90    15974.00    15366.57    14534.04    13535.34    12427.15    11257.50    10120.30     9045.76     8050.35     7141.36     6323.00     5591.45     4941.27     4365.85     3858.34     3411.81     3019.45     2674.80     2371.89     2105.40     1870.59     1663.32     1480.01     1317.52     1173.23     1050.26      957.19         nan         nan         nan         nan
       49.04      197.01      564.50     1230.51     2209.68     3449.76     4866.03     6358.03     7840.56     9253.98    10545.37    11665.85    12658.98    13579.26    14351.54    14922.41    15316.08    15542.52    15631.30    15596.19    15359.41    14935.34    14305.19    13503.97    12551.20    11469.70    10382.23     9327.60     8331.04     7407.40     6570.05     5817.93     5147.57     4553.15     4028.17     3565.86     3159.41     2802.23     2488.20     2211.83     1968.19     1753.02     1562.60     1393.69     1243.50     1109.68      990.25         nan         nan         nan         nan
       49.83      196.23      557.88     1211.35     2169.52     3379.13     4754.50     6195.30     7618.53     8969.16    10196.29    11254.12    12194.26    13066.28    13783.84    14294.89    14627.13    14799.65    14854.61    14824.49    14649.39    14345.93    13886.17    13277.85    12512.84    11561.49    10566.33     9566.50     8592.20     7666.21     6816.50     6047.33     5358.64     4746.14     4203.97     3725.81     3305.04     2935.03     2609.57     2323.00     2070.27     1846.96     1649.23     1473.69     1317.49     1178.19     1053.70         nan         nan         nan         nan
       50.72      195.81      551.99     1193.80     2132.32     3313.32     4650.34     6042.97     7410.32     8702.95     9871.87    10874.15    11770.86    12604.15    13277.08    13738.97    14018.27    14138.33    14146.99    14087.81    13920.65    13673.15    13323.58    12872.79    12295.54    11497.76    10634.15     9731.12     8813.35     7905.50     7055.47     6275.55     5572.10     4943.39     4385.00     3891.33     3456.29     3073.28     2736.14     2439.12     2177.04     1945.35     1740.07     1557.72     1395.33     1250.38     1120.71         nan         nan         nan         nan
