 20.0  20.2  20.4  20.6  20.8  21.0  21.2  21.4  21.6  21.8 
  5.0   5.2   5.4   5.6   5.8 
       85.64       54.26       34.57       22.17
      111.74       70.51       44.70       28.52
      144.79       91.09       57.52       36.53
      186.16      116.91       73.61       46.56
      237.30      148.97       93.62       59.04
      299.62      188.31      118.27       74.44
      374.42      235.98      148.32       93.28
      462.76      292.96      184.55      116.12
      565.30      360.11      227.72      143.53
