 20.0  20.2  20.4  20.6  20.8  21.0  21.2  21.4  21.6  21.8 
  5.0   5.2   5.4   5.6   5.8 
      144.95       90.66       56.93       35.95
      185.84      116.05       72.66       45.71
      236.16      147.43       92.15       57.81
      297.16      185.76      116.06       72.67
      369.97      231.97      145.06       90.77
      455.41      286.87      179.83      112.59
      553.91      351.15      220.99      138.63
      666.05      425.21      269.06      169.34
      800.90      513.01      325.19      205.16
