 20.0  20.2  20.4  20.6  20.8  21.0  21.2  21.4  21.6  21.8 
  5.0   5.2   5.4   5.6   5.8 
       86.46       53.72       33.83       21.61
      112.06       69.39       43.52       27.65
      144.15       89.07       55.67       35.22
      183.85      113.51       70.79       44.64
      232.27      143.52       89.40       56.23
      290.42      179.87      112.07       70.40
      359.06      223.29      139.36       87.54
      438.62      274.37      171.80      108.05
      529.06      333.47      209.83      132.31
