 15.7  16.5  17.5  18.5  19.5  20.5  21.5  22.5  23.5  24.5  25.5  26.3 
  0.3   1.0   2.0   3.0   4.0   5.0   6.0   6.7 
     16         797         571          96          18           3           0           0        1485
     17        4617        4698         823         138          19           3           0       10295
     18       22567       32586        6151         913         105          13           1       62336
     19       88624      163944       37429        5550         544          56           3      296150
     20      227936      435314      132985       25760        2550         228          11      824756
     21      392173      690815      253016       71081        9395         838          39     1417341
     22      505628      869690      341519      123980       23908        2563         121     1867452
     23      500095      951640      384566      167652       44752        6438         342     2055466
     24      374160      911942      377551      195562       66297       13231         900     1939436
     25      247239      997235      405290      204523       83199       22196        2159     1961712
     26      152588      720938      440272      202768       75736       23810        3291     1619088
Total       2500901     5763181     2388273     1003776      309287       70408        7072    12043587
