 15.7  16.5  17.5  18.5  19.5  20.5  21.5  22.5  23.5  24.5  25.5  26.3 
  0.3   1.0   2.0   3.0   4.0   5.0   6.0   6.7 
     16         826         639         105          19           3           0           0        1593
     17        4718        5002         854         138          19           3           0       10731
     18       22641       33111        6082         880         101          13           1       62828
     19       87528      163136       36385        5282         523          56           3      292913
     20      224480      437601      133826       25478        2522         235          13      824126
     21      388981      698687      261484       74040        9906         922          46     1434075
     22      504975      872644      346015      126107       25648        3001         156     1878348
     23      499822      942470      373377      155317       42925        7225         473     2021823
     24      374252      892616      350948      161876       51819       12027        1216     1844361
     25      246669      961581      362705      153869       52408       14609        2331     1794053
     26      152203      688381      376300      139163       40546       11632        2468     1410571
Total       2492010     5678564     2252750      844075      227040       49973        6810    11550975
