 15.7  16.5  17.5  18.5  19.5  20.5  21.5  22.5  23.5  24.5  25.5  26.3 
  0.3   1.0   2.0   3.0   4.0   5.0   6.0   6.7 
     16         733         596         106          17           3           0           0        1456
     17        4037        4602         863         127          18           3           0        9650
     18       19156       30250        6149         815          94          13           2       56478
     19       76176      151245       36532        4911         489          56           7      269416
     20      205460      421946      133299       23803        2374         237          27      787145
     21      367684      689022      261278       70611        9379         927          94     1398995
     22      466650      873440      348459      123352       24571        3033         303     1839808
     23      395118      953407      378375      155358       41986        7328         833     1932406
     24      109887      878539      356908      163765       51870       12336        1842     1575149
     25           0      396475      357864      155785       53130       14958        2881      981094
     26           0        8964      268673      133875       40407       11817        2621      466356
Total       1750726     4686234     2277757      881160      237234       53610        9103     9895816
