# Redshift u-g g-r r-i i-z z-y
     0.010     -0.126      0.042     -0.223      0.009      0.097
     0.020     -0.128      0.030     -0.206     -0.007      0.091
     0.030     -0.130      0.011     -0.177     -0.029      0.085
     0.040     -0.132     -0.012     -0.135     -0.059      0.079
     0.050     -0.134     -0.043     -0.076     -0.097      0.072
     0.060     -0.135     -0.079     -0.008     -0.139      0.066
     0.070     -0.136     -0.118      0.064     -0.180      0.059
     0.080     -0.137     -0.151      0.127     -0.219      0.055
     0.090     -0.138     -0.181      0.180     -0.249      0.047
     0.100     -0.140     -0.199      0.215     -0.271      0.041
     0.110     -0.144     -0.207      0.234     -0.284      0.035
     0.120     -0.150     -0.204      0.239     -0.292      0.028
     0.130     -0.159     -0.191      0.233     -0.296      0.023
     0.140     -0.171     -0.171      0.213     -0.291      0.017
     0.150     -0.183     -0.148      0.196     -0.291      0.011
     0.160     -0.197     -0.124      0.176     -0.288      0.007
     0.170     -0.210     -0.104      0.155     -0.281      0.001
     0.180     -0.222     -0.089      0.138     -0.276     -0.005
     0.190     -0.233     -0.078      0.128     -0.272     -0.013
     0.200     -0.241     -0.073      0.117     -0.262     -0.023
     0.210     -0.247     -0.071      0.102     -0.239     -0.039
     0.220     -0.252     -0.072      0.090     -0.210     -0.061
     0.230     -0.255     -0.076      0.070     -0.165     -0.092
     0.240     -0.258     -0.078      0.041     -0.103     -0.128
     0.250     -0.258     -0.082      0.009     -0.030     -0.173
     0.260     -0.258     -0.086     -0.028      0.049     -0.219
     0.270     -0.257     -0.088     -0.066      0.127     -0.261
     0.280     -0.255     -0.092     -0.103      0.198     -0.300
     0.290     -0.254     -0.094     -0.135      0.259     -0.332
     0.300     -0.252     -0.095     -0.163      0.304     -0.353
     0.310     -0.249     -0.098     -0.184      0.337     -0.369
     0.320     -0.246     -0.099     -0.200      0.359     -0.378
     0.330     -0.243     -0.100     -0.212      0.370     -0.379
     0.340     -0.237     -0.102     -0.220      0.372     -0.372
     0.350     -0.231     -0.104     -0.226      0.369     -0.359
     0.360     -0.223     -0.105     -0.230      0.360     -0.340
     0.370     -0.211     -0.108     -0.230      0.343     -0.307
     0.380     -0.198     -0.114     -0.225      0.318     -0.258
     0.390     -0.181     -0.121     -0.216      0.284     -0.197
     0.400     -0.161     -0.131     -0.201      0.241     -0.128
     0.410     -0.139     -0.143     -0.179      0.190     -0.048
     0.420     -0.114     -0.160     -0.151      0.132      0.039
     0.430     -0.089     -0.177     -0.120      0.070      0.120
     0.440     -0.063     -0.195     -0.088      0.010      0.193
     0.450     -0.037     -0.213     -0.058     -0.046      0.256
     0.460     -0.013     -0.229     -0.029     -0.095      0.309
     0.470      0.010     -0.244     -0.006     -0.135      0.345
     0.480      0.030     -0.255      0.012     -0.167      0.368
     0.490      0.048     -0.263      0.024     -0.191      0.380
     0.500      0.062     -0.268      0.031     -0.205      0.381
     0.510      0.074     -0.271      0.035     -0.216      0.373
     0.520      0.085     -0.271      0.035     -0.224      0.361
     0.530      0.093     -0.270      0.032     -0.229      0.344
     0.540      0.100     -0.268      0.027     -0.230      0.321
     0.550      0.106     -0.265      0.024     -0.235      0.296
     0.560      0.112     -0.260      0.021     -0.239      0.271
     0.570      0.116     -0.256      0.014     -0.238      0.242
     0.580      0.120     -0.252      0.009     -0.240      0.214
     0.590      0.123     -0.247      0.006     -0.242      0.184
     0.600      0.126     -0.241      0.003     -0.245      0.156
     0.610      0.129     -0.237      0.001     -0.246      0.128
     0.620      0.131     -0.232     -0.003     -0.244      0.099
     0.630      0.134     -0.226     -0.010     -0.237      0.072
     0.640      0.134     -0.220     -0.015     -0.229      0.044
     0.650      0.136     -0.215     -0.022     -0.215      0.015
     0.660      0.137     -0.210     -0.032     -0.193     -0.015
     0.670      0.138     -0.204     -0.047     -0.164     -0.046
     0.680      0.137     -0.198     -0.061     -0.131     -0.079
     0.690      0.137     -0.192     -0.078     -0.095     -0.111
     0.700      0.137     -0.186     -0.095     -0.056     -0.144
     0.710      0.136     -0.180     -0.113     -0.017     -0.173
     0.720      0.135     -0.174     -0.130      0.020     -0.202
     0.730      0.133     -0.169     -0.145      0.054     -0.227
     0.740      0.132     -0.163     -0.158      0.082     -0.250
     0.750      0.130     -0.157     -0.169      0.105     -0.267
     0.760      0.128     -0.151     -0.178      0.122     -0.280
     0.770      0.126     -0.145     -0.184      0.134     -0.292
     0.780      0.123     -0.139     -0.188      0.142     -0.301
     0.790      0.121     -0.133     -0.190      0.145     -0.305
     0.800      0.118     -0.127     -0.191      0.145     -0.308
     0.810      0.115     -0.122     -0.191      0.142     -0.306
     0.820      0.112     -0.116     -0.189      0.137     -0.304
     0.830      0.110     -0.110     -0.189      0.131     -0.297
     0.840      0.106     -0.104     -0.187      0.122     -0.287
     0.850      0.103     -0.099     -0.186      0.111     -0.269
     0.860      0.099     -0.094     -0.183      0.098     -0.246
     0.870      0.096     -0.087     -0.182      0.084     -0.216
     0.880      0.091     -0.081     -0.180      0.066     -0.186
     0.890      0.088     -0.075     -0.179      0.047     -0.149
     0.900      0.084     -0.067     -0.178      0.027     -0.107
     0.910      0.079     -0.059     -0.177      0.005     -0.063
     0.920      0.074     -0.050     -0.177     -0.019     -0.018
     0.930      0.069     -0.040     -0.177     -0.040      0.023
     0.940      0.063     -0.029     -0.178     -0.060      0.061
     0.950      0.056     -0.018     -0.179     -0.079      0.094
     0.960      0.050     -0.004     -0.182     -0.096      0.124
     0.970      0.041      0.011     -0.185     -0.111      0.151
     0.980      0.033      0.025     -0.188     -0.123      0.168
     0.990      0.025      0.040     -0.191     -0.133      0.179
     1.000      0.017      0.054     -0.194     -0.141      0.185
     1.010      0.010      0.069     -0.196     -0.147      0.189
     1.020      0.001      0.082     -0.199     -0.149      0.187
     1.030     -0.006      0.095     -0.201     -0.151      0.180
     1.040     -0.013      0.106     -0.201     -0.153      0.171
     1.050     -0.019      0.116     -0.203     -0.153      0.161
     1.060     -0.026      0.126     -0.202     -0.154      0.150
     1.070     -0.030      0.132     -0.202     -0.153      0.135
     1.080     -0.035      0.138     -0.200     -0.153      0.120
     1.090     -0.040      0.143     -0.198     -0.152      0.103
     1.100     -0.044      0.147     -0.196     -0.151      0.086
     1.110     -0.050      0.151     -0.193     -0.150      0.070
     1.120     -0.053      0.152     -0.190     -0.149      0.052
     1.130     -0.057      0.154     -0.187     -0.148      0.035
     1.140     -0.061      0.155     -0.183     -0.148      0.018
     1.150     -0.065      0.156     -0.180     -0.146      0.002
     1.160     -0.070      0.158     -0.176     -0.145     -0.013
     1.170     -0.073      0.157     -0.172     -0.144     -0.028
     1.180     -0.077      0.158     -0.169     -0.142     -0.042
     1.190     -0.081      0.158     -0.164     -0.141     -0.055
     1.200     -0.084      0.158     -0.161     -0.140     -0.065
     1.210     -0.089      0.158     -0.157     -0.139     -0.076
     1.220     -0.092      0.157     -0.153     -0.137     -0.085
     1.230     -0.095      0.157     -0.150     -0.136     -0.092
     1.240     -0.098      0.156     -0.145     -0.134     -0.099
     1.250     -0.100      0.155     -0.142     -0.132     -0.104
     1.260     -0.104      0.155     -0.138     -0.131     -0.109
     1.270     -0.106      0.153     -0.134     -0.129     -0.112
     1.280     -0.108      0.152     -0.130     -0.128     -0.115
     1.290     -0.111      0.150     -0.126     -0.126     -0.118
     1.300     -0.113      0.149     -0.123     -0.124     -0.120
     1.310     -0.116      0.149     -0.119     -0.124     -0.120
     1.320     -0.117      0.146     -0.115     -0.121     -0.121
     1.330     -0.119      0.144     -0.111     -0.119     -0.122
     1.340     -0.121      0.142     -0.106     -0.118     -0.123
     1.350     -0.122      0.139     -0.102     -0.117     -0.123
     1.360     -0.124      0.137     -0.097     -0.116     -0.122
     1.370     -0.126      0.135     -0.092     -0.115     -0.122
     1.380     -0.127      0.131     -0.086     -0.114     -0.121
     1.390     -0.128      0.127     -0.079     -0.114     -0.121
     1.400     -0.130      0.123     -0.070     -0.115     -0.121
     1.410     -0.130      0.118     -0.062     -0.115     -0.120
     1.420     -0.132      0.113     -0.052     -0.118     -0.119
     1.430     -0.132      0.107     -0.041     -0.119     -0.118
     1.440     -0.132      0.101     -0.029     -0.122     -0.118
     1.450     -0.132      0.093     -0.015     -0.126     -0.117
     1.460     -0.131      0.085     -0.000     -0.131     -0.116
     1.470     -0.130      0.077      0.015     -0.135     -0.115
     1.480     -0.129      0.069      0.031     -0.140     -0.114
     1.490     -0.126      0.059      0.047     -0.145     -0.113
     1.500     -0.124      0.050      0.063     -0.150     -0.113
     1.510     -0.120      0.040      0.079     -0.154     -0.112
     1.520     -0.117      0.032      0.093     -0.159     -0.110
     1.530     -0.112      0.023      0.108     -0.164     -0.108
     1.540     -0.108      0.015      0.122     -0.166     -0.108
     1.550     -0.103      0.006      0.134     -0.169     -0.107
     1.560     -0.097     -0.002      0.145     -0.171     -0.106
     1.570     -0.092     -0.010      0.155     -0.172     -0.106
     1.580     -0.086     -0.016      0.161     -0.172     -0.104
     1.590     -0.080     -0.022      0.169     -0.174     -0.102
     1.600     -0.075     -0.028      0.175     -0.172     -0.102
     1.610     -0.069     -0.034      0.180     -0.171     -0.101
     1.620     -0.063     -0.039      0.184     -0.170     -0.100
     1.630     -0.058     -0.045      0.188     -0.168     -0.099
     1.640     -0.053     -0.048      0.188     -0.165     -0.098
     1.650     -0.049     -0.052      0.191     -0.165     -0.095
     1.660     -0.045     -0.056      0.191     -0.160     -0.096
     1.670     -0.041     -0.060      0.191     -0.156     -0.094
     1.680     -0.038     -0.063      0.191     -0.153     -0.092
     1.690     -0.036     -0.067      0.193     -0.150     -0.092
     1.700     -0.034     -0.070      0.192     -0.147     -0.090
     1.710     -0.032     -0.072      0.192     -0.144     -0.089
     1.720     -0.032     -0.075      0.191     -0.140     -0.088
     1.730     -0.031     -0.077      0.190     -0.136     -0.087
     1.740     -0.030     -0.080      0.189     -0.133     -0.085
     1.750     -0.030     -0.083      0.190     -0.129     -0.085
     1.760     -0.030     -0.084      0.188     -0.126     -0.083
     1.770     -0.030     -0.085      0.186     -0.122     -0.082
     1.780     -0.031     -0.086      0.186     -0.119     -0.081
     1.790     -0.031     -0.088      0.186     -0.116     -0.080
     1.800     -0.032     -0.090      0.185     -0.113     -0.080
     1.810     -0.032     -0.091      0.183     -0.108     -0.079
     1.820     -0.033     -0.092      0.181     -0.102     -0.080
     1.830     -0.033     -0.093      0.177     -0.095     -0.080
     1.840     -0.034     -0.094      0.175     -0.089     -0.081
     1.850     -0.035     -0.095      0.173     -0.081     -0.084
     1.860     -0.035     -0.096      0.169     -0.073     -0.086
     1.870     -0.035     -0.096      0.165     -0.063     -0.089
     1.880     -0.035     -0.098      0.161     -0.052     -0.094
     1.890     -0.035     -0.098      0.154     -0.039     -0.097
     1.900     -0.034     -0.098      0.146     -0.024     -0.102
     1.910     -0.036     -0.098      0.140     -0.010     -0.107
     1.920     -0.035     -0.099      0.133      0.006     -0.114
     1.930     -0.035     -0.100      0.125      0.022     -0.121
     1.940     -0.034     -0.100      0.117      0.039     -0.127
     1.950     -0.034     -0.101      0.109      0.057     -0.134
     1.960     -0.034     -0.101      0.099      0.074     -0.140
     1.970     -0.033     -0.101      0.090      0.091     -0.147
     1.980     -0.033     -0.100      0.082      0.107     -0.154
     1.990     -0.032     -0.101      0.074      0.123     -0.160
     2.000     -0.032     -0.101      0.066      0.138     -0.165
     2.010     -0.031     -0.101      0.058      0.152     -0.170
     2.020     -0.030     -0.102      0.051      0.165     -0.175
     2.030     -0.029     -0.101      0.044      0.177     -0.178
     2.040     -0.028     -0.101      0.037      0.187     -0.180
     2.050     -0.028     -0.101      0.032      0.196     -0.182
     2.060     -0.026     -0.101      0.027      0.204     -0.184
     2.070     -0.024     -0.101      0.022      0.210     -0.184
     2.080     -0.023     -0.101      0.017      0.216     -0.185
     2.090     -0.021     -0.101      0.014      0.221     -0.185
     2.100     -0.019     -0.100      0.009      0.225     -0.183
     2.110     -0.016     -0.100      0.006      0.228     -0.182
     2.120     -0.015     -0.099      0.003      0.229     -0.180
     2.130     -0.012     -0.100      0.000      0.231     -0.177
     2.140     -0.009     -0.100     -0.002      0.231     -0.174
     2.150     -0.006     -0.100     -0.005      0.231     -0.170
     2.160     -0.003     -0.100     -0.007      0.231     -0.166
     2.170      0.000     -0.099     -0.010      0.231     -0.161
     2.180      0.004     -0.099     -0.012      0.229     -0.155
     2.190      0.007     -0.099     -0.014      0.227     -0.148
     2.200      0.011     -0.099     -0.016      0.224     -0.141
     2.210      0.015     -0.099     -0.018      0.221     -0.132
     2.220      0.019     -0.099     -0.020      0.218     -0.121
     2.230      0.023     -0.099     -0.022      0.213     -0.110
     2.240      0.027     -0.099     -0.023      0.209     -0.098
     2.250      0.031     -0.099     -0.026      0.204     -0.083
     2.260      0.035     -0.099     -0.027      0.196     -0.069
     2.270      0.038     -0.099     -0.029      0.190     -0.055
     2.280      0.043     -0.099     -0.030      0.183     -0.039
     2.290      0.046     -0.099     -0.031      0.176     -0.022
     2.300      0.050     -0.099     -0.033      0.168     -0.005
     2.310      0.053     -0.099     -0.034      0.160      0.013
     2.320      0.056     -0.099     -0.036      0.152      0.032
     2.330      0.060     -0.098     -0.037      0.143      0.051
     2.340      0.061     -0.097     -0.038      0.133      0.069
     2.350      0.064     -0.098     -0.040      0.125      0.087
     2.360      0.067     -0.097     -0.041      0.116      0.103
     2.370      0.069     -0.097     -0.042      0.108      0.119
     2.380      0.070     -0.096     -0.043      0.100      0.133
     2.390      0.072     -0.096     -0.044      0.092      0.146
     2.400      0.073     -0.094     -0.045      0.085      0.159
     2.410      0.074     -0.093     -0.047      0.079      0.172
     2.420      0.074     -0.091     -0.048      0.071      0.184
     2.430      0.075     -0.090     -0.049      0.066      0.192
     2.440      0.076     -0.089     -0.050      0.061      0.200
     2.450      0.076     -0.087     -0.051      0.055      0.206
     2.460      0.076     -0.085     -0.052      0.051      0.211
     2.470      0.075     -0.082     -0.053      0.046      0.216
     2.480      0.074     -0.079     -0.056      0.044      0.219
     2.490      0.074     -0.076     -0.057      0.039      0.221
     2.500      0.072     -0.073     -0.058      0.036      0.224
     2.510      0.071     -0.070     -0.060      0.033      0.224
     2.520      0.070     -0.066     -0.062      0.031      0.224
     2.530      0.068     -0.062     -0.063      0.028      0.222
     2.540      0.067     -0.058     -0.065      0.026      0.220
     2.550      0.065     -0.054     -0.067      0.023      0.218
     2.560      0.064     -0.049     -0.069      0.021      0.215
     2.570      0.063     -0.044     -0.071      0.019      0.212
     2.580      0.062     -0.038     -0.073      0.017      0.210
     2.590      0.062     -0.034     -0.075      0.015      0.206
     2.600      0.062     -0.029     -0.078      0.014      0.201
     2.610      0.062     -0.023     -0.079      0.011      0.196
     2.620      0.063     -0.018     -0.082      0.010      0.192
     2.630      0.064     -0.014     -0.083      0.008      0.185
     2.640      0.067     -0.008     -0.085      0.006      0.180
     2.650      0.070     -0.003     -0.087      0.004      0.175
     2.660      0.072      0.003     -0.088      0.001      0.171
     2.670      0.077      0.007     -0.090      0.000      0.164
     2.680      0.083      0.011     -0.091     -0.001      0.158
     2.690      0.089      0.015     -0.092     -0.003      0.152
     2.700      0.095      0.019     -0.094     -0.005      0.147
     2.710      0.103      0.022     -0.094     -0.006      0.139
     2.720      0.111      0.027     -0.095     -0.008      0.134
     2.730      0.119      0.031     -0.097     -0.009      0.128
     2.740      0.129      0.034     -0.097     -0.011      0.124
     2.750      0.138      0.038     -0.097     -0.013      0.118
     2.760      0.149      0.041     -0.098     -0.014      0.112
     2.770      0.160      0.043     -0.098     -0.016      0.106
     2.780      0.172      0.046     -0.098     -0.017      0.101
     2.790      0.184      0.049     -0.098     -0.019      0.097
     2.800      0.196      0.051     -0.097     -0.020      0.091
     2.810      0.209      0.054     -0.098     -0.022      0.086
     2.820      0.224      0.057     -0.098     -0.022      0.082
     2.830      0.237      0.059     -0.098     -0.025      0.079
     2.840      0.250      0.062     -0.097     -0.026      0.074
     2.850      0.266      0.064     -0.097     -0.027      0.070
     2.860      0.281      0.066     -0.097     -0.028      0.066
     2.870      0.297      0.069     -0.097     -0.029      0.062
     2.880      0.313      0.071     -0.096     -0.030      0.059
     2.890      0.330      0.073     -0.096     -0.031      0.055
     2.900      0.347      0.076     -0.096     -0.032      0.052
     2.910      0.366      0.079     -0.096     -0.032      0.049
     2.920      0.383      0.081     -0.095     -0.035      0.047
     2.930      0.401      0.084     -0.095     -0.035      0.044
     2.940      0.421      0.087     -0.095     -0.036      0.042
     2.950      0.441      0.089     -0.094     -0.036      0.039
     2.960      0.461      0.092     -0.094     -0.037      0.037
     2.970      0.482      0.095     -0.094     -0.038      0.035
     2.980      0.504      0.097     -0.093     -0.039      0.031
     2.990      0.526      0.101     -0.093     -0.039      0.029
     3.000      0.550      0.104     -0.093     -0.039      0.028
     3.010      0.573      0.107     -0.092     -0.041      0.028
     3.020      0.597      0.111     -0.092     -0.041      0.025
     3.030      0.623      0.114     -0.092     -0.041      0.023
     3.040      0.650      0.118     -0.092     -0.041      0.021
     3.050      0.678      0.121     -0.091     -0.042      0.020
     3.060      0.707      0.125     -0.091     -0.042      0.018
     3.070      0.738      0.128     -0.090     -0.043      0.015
     3.080        nan      0.132     -0.090     -0.043      0.014
     3.090        nan      0.136     -0.091     -0.042      0.012
     3.100        nan      0.140     -0.090     -0.043      0.011
     3.110        nan      0.144     -0.090     -0.044      0.010
     3.120        nan      0.148     -0.090     -0.044      0.008
     3.130        nan      0.152     -0.090     -0.044      0.007
     3.140        nan      0.156     -0.090     -0.044      0.005
     3.150        nan      0.160     -0.089     -0.044      0.004
     3.160        nan      0.164     -0.089     -0.044      0.001
     3.170        nan      0.167     -0.089     -0.044      0.000
     3.180        nan      0.172     -0.089     -0.044     -0.001
     3.190        nan      0.176     -0.089     -0.044     -0.002
     3.200        nan      0.181     -0.089     -0.045     -0.002
     3.210        nan      0.186     -0.088     -0.044     -0.004
     3.220        nan      0.189     -0.088     -0.044     -0.006
     3.230        nan      0.194     -0.088     -0.044     -0.007
     3.240        nan      0.198     -0.088     -0.044     -0.008
     3.250        nan      0.203     -0.087     -0.044     -0.009
     3.260        nan      0.206     -0.086     -0.044     -0.012
     3.270        nan      0.211     -0.086     -0.044     -0.013
     3.280        nan      0.216     -0.086     -0.044     -0.013
     3.290        nan      0.221     -0.085     -0.044     -0.014
     3.300        nan      0.227     -0.084     -0.045     -0.014
     3.310        nan      0.231     -0.084     -0.045     -0.016
     3.320        nan      0.236     -0.083     -0.045     -0.017
     3.330        nan      0.241     -0.081     -0.046     -0.019
     3.340        nan      0.247     -0.080     -0.046     -0.019
     3.350        nan      0.253     -0.078     -0.047     -0.021
     3.360        nan      0.258     -0.076     -0.048     -0.022
     3.370        nan      0.265     -0.075     -0.049     -0.023
     3.380        nan      0.272     -0.073     -0.050     -0.024
     3.390        nan      0.279     -0.071     -0.051     -0.024
     3.400        nan      0.287     -0.068     -0.053     -0.024
     3.410        nan      0.294     -0.066     -0.054     -0.025
     3.420        nan      0.301     -0.063     -0.055     -0.027
     3.430        nan      0.309     -0.060     -0.056     -0.027
     3.440        nan      0.317     -0.057     -0.058     -0.028
     3.450        nan      0.325     -0.053     -0.060     -0.028
     3.460        nan      0.332     -0.048     -0.062     -0.030
     3.470        nan      0.340     -0.044     -0.064     -0.030
     3.480        nan      0.348     -0.040     -0.066     -0.030
     3.490        nan      0.356     -0.035     -0.067     -0.031
     3.500        nan      0.364     -0.030     -0.071     -0.031
     3.510        nan      0.372     -0.025     -0.072     -0.031
     3.520        nan      0.379     -0.019     -0.074     -0.032
     3.530        nan      0.387     -0.014     -0.076     -0.032
     3.540        nan      0.394     -0.008     -0.078     -0.033
     3.550        nan      0.402     -0.002     -0.080     -0.033
     3.560        nan      0.410      0.004     -0.081     -0.034
     3.570        nan      0.416      0.011     -0.083     -0.035
     3.580        nan      0.424      0.016     -0.085     -0.035
     3.590        nan      0.431      0.022     -0.086     -0.034
     3.600        nan      0.438      0.029     -0.088     -0.035
     3.610        nan      0.446      0.036     -0.090     -0.035
     3.620        nan      0.451      0.042     -0.091     -0.036
     3.630        nan      0.457      0.049     -0.092     -0.035
     3.640        nan      0.462      0.055     -0.093     -0.036
     3.650        nan      0.468      0.062     -0.094     -0.036
     3.660        nan      0.475      0.067     -0.094     -0.036
     3.670        nan      0.480      0.075     -0.095     -0.037
     3.680        nan      0.487      0.080     -0.096     -0.036
     3.690        nan      0.494      0.085     -0.096     -0.037
     3.700        nan      0.500      0.090     -0.096     -0.037
     3.710        nan      0.507      0.096     -0.097     -0.036
     3.720        nan      0.514      0.102     -0.098     -0.036
     3.730        nan      0.520      0.107     -0.097     -0.036
     3.740        nan      0.527      0.112     -0.097     -0.036
     3.750        nan      0.533      0.118     -0.097     -0.036
     3.760        nan      0.540      0.123     -0.097     -0.036
     3.770        nan      0.547      0.129     -0.097     -0.036
     3.780        nan      0.553      0.135     -0.097     -0.037
     3.790        nan      0.560      0.140     -0.097     -0.036
     3.800        nan      0.568      0.145     -0.097     -0.036
     3.810        nan      0.575      0.150     -0.096     -0.036
     3.820        nan      0.582      0.156     -0.097     -0.036
     3.830        nan      0.589      0.161     -0.096     -0.035
     3.840        nan      0.596      0.167     -0.095     -0.035
     3.850        nan      0.603      0.172     -0.094     -0.035
     3.860        nan      0.610      0.177     -0.094     -0.035
     3.870        nan      0.617      0.182     -0.093     -0.035
     3.880        nan      0.625      0.188     -0.093     -0.035
     3.890        nan      0.632      0.194     -0.093     -0.035
     3.900        nan      0.639      0.201     -0.093     -0.035
     3.910        nan      0.647      0.206     -0.092     -0.035
     3.920        nan      0.655      0.212     -0.092     -0.034
     3.930        nan      0.663      0.218     -0.092     -0.034
     3.940        nan      0.671      0.224     -0.092     -0.033
     3.950        nan      0.679      0.230     -0.092     -0.033
     3.960        nan      0.686      0.237     -0.091     -0.033
     3.970        nan      0.694      0.243     -0.091     -0.033
     3.980        nan      0.702      0.249     -0.090     -0.033
     3.990        nan      0.711      0.256     -0.090     -0.033
     4.000        nan      0.719      0.262     -0.090     -0.033
     4.010        nan      0.726      0.270     -0.089     -0.033
     4.020        nan      0.736      0.276     -0.089     -0.033
     4.030        nan      0.744      0.281     -0.087     -0.033
     4.040        nan      0.753      0.289     -0.088     -0.032
     4.050        nan      0.762      0.296     -0.088     -0.032
     4.060        nan      0.772      0.304     -0.087     -0.032
     4.070        nan      0.780      0.311     -0.087     -0.032
     4.080        nan      0.789      0.319     -0.086     -0.033
     4.090        nan      0.799      0.326     -0.086     -0.033
     4.100        nan      0.808      0.333     -0.085     -0.033
     4.110        nan      0.818      0.340     -0.084     -0.033
     4.120        nan      0.827      0.348     -0.083     -0.034
     4.130        nan      0.836      0.356     -0.081     -0.035
     4.140        nan      0.847      0.362     -0.080     -0.036
     4.150        nan      0.858      0.369     -0.077     -0.036
     4.160        nan      0.868      0.376     -0.075     -0.037
     4.170        nan      0.880      0.384     -0.074     -0.037
     4.180        nan      0.890      0.392     -0.071     -0.039
     4.190        nan      0.900      0.399     -0.069     -0.041
     4.200        nan      0.911      0.407     -0.066     -0.042
     4.210        nan      0.922      0.414     -0.063     -0.044
     4.220        nan      0.933      0.422     -0.060     -0.045
     4.230        nan      0.944      0.430     -0.057     -0.047
     4.240        nan      0.955      0.439     -0.053     -0.050
     4.250        nan        nan      0.446     -0.049     -0.052
     4.260        nan        nan      0.453     -0.045     -0.054
     4.270        nan        nan      0.459     -0.040     -0.055
     4.280        nan        nan      0.468     -0.036     -0.058
     4.290        nan        nan      0.476     -0.033     -0.060
     4.300        nan        nan      0.484     -0.027     -0.063
     4.310        nan        nan      0.492     -0.023     -0.065
     4.320        nan        nan      0.500     -0.018     -0.068
     4.330        nan        nan      0.509     -0.013     -0.071
     4.340        nan        nan      0.517     -0.008     -0.074
     4.350        nan        nan      0.526     -0.004     -0.076
     4.360        nan        nan      0.536      0.001     -0.079
     4.370        nan        nan      0.546      0.006     -0.082
     4.380        nan        nan      0.555      0.010     -0.084
     4.390        nan        nan      0.565      0.016     -0.087
     4.400        nan        nan      0.576      0.019     -0.089
     4.410        nan        nan      0.588      0.022     -0.090
     4.420        nan        nan      0.599      0.027     -0.093
     4.430        nan        nan      0.612      0.031     -0.096
     4.440        nan        nan      0.624      0.035     -0.097
     4.450        nan        nan      0.638      0.038     -0.100
     4.460        nan        nan      0.651      0.041     -0.101
     4.470        nan        nan      0.665      0.044     -0.103
     4.480        nan        nan      0.680      0.047     -0.105
     4.490        nan        nan      0.698      0.049     -0.107
     4.500        nan        nan      0.713      0.051     -0.108
     4.510        nan        nan      0.729      0.053     -0.109
     4.520        nan        nan      0.746      0.055     -0.110
     4.530        nan        nan      0.765      0.056     -0.111
     4.540        nan        nan      0.783      0.056     -0.111
     4.550        nan        nan      0.803      0.058     -0.112
     4.560        nan        nan      0.821      0.059     -0.113
     4.570        nan        nan      0.840      0.060     -0.114
     4.580        nan        nan      0.859      0.062     -0.114
     4.590        nan        nan      0.876      0.063     -0.115
     4.600        nan        nan      0.893      0.065     -0.114
     4.610        nan        nan      0.909      0.068     -0.115
     4.620        nan        nan      0.926      0.070     -0.116
     4.630        nan        nan      0.938      0.072     -0.116
     4.640        nan        nan      0.949      0.075     -0.115
     4.650        nan        nan      0.960      0.079     -0.115
     4.660        nan        nan      0.971      0.082     -0.115
     4.670        nan        nan      0.981      0.085     -0.114
     4.680        nan        nan      0.989      0.091     -0.114
     4.690        nan        nan      0.996      0.096     -0.113
     4.700        nan        nan      1.002      0.102     -0.112
     4.710        nan        nan      1.006      0.108     -0.111
     4.720        nan        nan      1.009      0.114     -0.110
     4.730        nan        nan      1.011      0.121     -0.109
     4.740        nan        nan      1.011      0.129     -0.107
     4.750        nan        nan      1.012      0.137     -0.107
     4.760        nan        nan      1.009      0.146     -0.105
     4.770        nan        nan      1.005      0.154     -0.103
     4.780        nan        nan      1.001      0.164     -0.101
     4.790        nan        nan      0.998      0.173     -0.100
     4.800        nan        nan      0.994      0.181     -0.096
     4.810        nan        nan      0.990      0.190     -0.095
     4.820        nan        nan      0.986      0.200     -0.093
     4.830        nan        nan      0.981      0.209     -0.090
     4.840        nan        nan      0.977      0.218     -0.086
     4.850        nan        nan      0.972      0.227     -0.083
     4.860        nan        nan      0.967      0.237     -0.079
     4.870        nan        nan      0.962      0.245     -0.075
     4.880        nan        nan      0.959      0.254     -0.072
     4.890        nan        nan      0.954      0.262     -0.068
     4.900        nan        nan      0.950      0.271     -0.063
     4.910        nan        nan      0.943      0.281     -0.058
     4.920        nan        nan      0.939      0.289     -0.053
     4.930        nan        nan      0.934      0.298     -0.049
     4.940        nan        nan      0.929      0.306     -0.044
     4.950        nan        nan      0.924      0.316     -0.039
     4.960        nan        nan      0.918      0.326     -0.034
     4.970        nan        nan      0.913      0.335     -0.029
     4.980        nan        nan      0.908      0.345     -0.024
     4.990        nan        nan      0.902      0.355     -0.019
     5.000        nan        nan      0.897      0.366     -0.013
     5.010        nan        nan      0.892      0.376     -0.009
     5.020        nan        nan      0.887      0.387     -0.004
     5.030        nan        nan      0.882      0.398      0.002
     5.040        nan        nan      0.877      0.409      0.007
     5.050        nan        nan      0.872      0.422      0.013
     5.060        nan        nan      0.868      0.433      0.018
     5.070        nan        nan      0.864      0.443      0.024
     5.080        nan        nan      0.860      0.456      0.029
     5.090        nan        nan      0.855      0.470      0.033
     5.100        nan        nan      0.851      0.483      0.037
     5.110        nan        nan      0.846      0.497      0.042
     5.120        nan        nan      0.843      0.511      0.045
     5.130        nan        nan      0.839      0.525      0.049
     5.140        nan        nan      0.836      0.539      0.053
     5.150        nan        nan      0.834      0.553      0.055
     5.160        nan        nan      0.832      0.568      0.058
     5.170        nan        nan      0.829      0.583      0.061
     5.180        nan        nan      0.827      0.598      0.064
     5.190        nan        nan      0.823      0.616      0.066
     5.200        nan        nan      0.822      0.631      0.069
     5.210        nan        nan      0.822      0.647      0.071
     5.220        nan        nan      0.826      0.657      0.074
     5.230        nan        nan      0.835      0.664      0.076
     5.240        nan        nan      0.842      0.674      0.077
     5.250        nan        nan      0.850      0.683      0.078
     5.260        nan        nan      0.855      0.695      0.079
     5.270        nan        nan      0.859      0.709      0.079
     5.280        nan        nan      0.860      0.725      0.080
     5.290        nan        nan      0.860      0.743      0.081
     5.300        nan        nan      0.860      0.761      0.080
     5.310        nan        nan      0.859      0.781      0.080
     5.320        nan        nan      0.858      0.801      0.080
     5.330        nan        nan      0.856      0.821      0.080
     5.340        nan        nan      0.853      0.844      0.080
     5.350        nan        nan      0.852      0.864      0.079
     5.360        nan        nan      0.850      0.885      0.080
     5.370        nan        nan      0.848      0.908      0.079
     5.380        nan        nan      0.845      0.932      0.078
     5.390        nan        nan      0.841      0.955      0.077
     5.400        nan        nan      0.838      0.980      0.075
     5.410        nan        nan      0.834      1.004      0.074
     5.420        nan        nan      0.831      1.030      0.072
     5.430        nan        nan      0.826      1.055      0.072
     5.440        nan        nan      0.822      1.082      0.070
     5.450        nan        nan      0.819      1.109      0.067
     5.460        nan        nan      0.813      1.136      0.066
     5.470        nan        nan      0.807      1.165      0.064
     5.480        nan        nan      0.798      1.198      0.062
     5.490        nan        nan      0.794      1.226      0.060
     5.500        nan        nan      0.787      1.257      0.058
     5.510        nan        nan      0.779      1.288      0.057
     5.520        nan        nan      0.770      1.323      0.054
     5.530        nan        nan      0.760      1.358      0.051
     5.540        nan        nan      0.749      1.394      0.049
     5.550        nan        nan      0.738      1.432      0.047
     5.560        nan        nan      0.725      1.471      0.044
     5.570        nan        nan      0.712      1.511      0.041
     5.580        nan        nan      0.697      1.552      0.039
     5.590        nan        nan      0.683      1.595      0.036
     5.600        nan        nan      0.669      1.637      0.033
     5.610        nan        nan      0.654      1.680      0.032
     5.620        nan        nan      0.639      1.722      0.031
     5.630        nan        nan      0.626      1.763      0.031
     5.640        nan        nan      0.612      1.804      0.031
     5.650        nan        nan      0.604      1.839      0.032
     5.660        nan        nan      0.597      1.873      0.034
     5.670        nan        nan      0.591      1.906      0.036
     5.680        nan        nan      0.588      1.936      0.038
     5.690        nan        nan      0.586      1.964      0.041
     5.700        nan        nan      0.586      1.990      0.046
     5.710        nan        nan      0.588      2.012      0.050
     5.720        nan        nan      0.592      2.033      0.056
     5.730        nan        nan      0.598      2.050      0.063
     5.740        nan        nan      0.606      2.064      0.070
     5.750        nan        nan      0.616      2.075      0.077
     5.760        nan        nan      0.630      2.083      0.086
     5.770        nan        nan      0.643      2.086      0.096
     5.780        nan        nan      0.659      2.087      0.107
     5.790        nan        nan      0.670      2.091      0.119
     5.800        nan        nan      0.693      2.084      0.132
     5.810        nan        nan      0.715      2.076      0.146
     5.820        nan        nan      0.736      2.070      0.159
     5.830        nan        nan      0.755      2.065      0.173
     5.840        nan        nan      0.773      2.059      0.187
     5.850        nan        nan      0.790      2.054      0.201
     5.860        nan        nan      0.807      2.049      0.216
     5.870        nan        nan        nan      2.044      0.231
     5.880        nan        nan        nan      2.039      0.246
     5.890        nan        nan        nan      2.034      0.262
     5.900        nan        nan        nan      2.030      0.278
     5.910        nan        nan        nan      2.025      0.293
     5.920        nan        nan        nan      2.021      0.310
     5.930        nan        nan        nan      2.017      0.327
     5.940        nan        nan        nan      2.013      0.345
     5.950        nan        nan        nan      2.009      0.362
     5.960        nan        nan        nan      2.005      0.380
     5.970        nan        nan        nan      1.999      0.399
     5.980        nan        nan        nan      1.995      0.417
     5.990        nan        nan        nan      1.992      0.436
