 15.7  16.5  17.5  18.5  19.5  20.5  21.5  22.5  23.5  24.5  25.5  26.3 
  0.3   1.0   2.0   3.0   4.0   5.0   6.0   6.7 
     16         677         499          82          15           2           0           0        1276
     17        3892        3937         672         107          15           2           0        8624
     18       19021       26651        4861         692          81          11           1       51317
     19       76888      140015       30371        4221         423          46           3      251984
     20      210138      412484      122268       21367        2078         197          11      768558
     21      380849      693539      257450       67400        8522         787          39     1408567
     22      496092      922218      364222      122836       23514        2660         135     1931703
     23      433005     1055696      419058      162014       42609        6760         421     2119482
     24      125862     1032019      423752      176747       54868       12174        1117     1826550
     25           0      434185      409637      172119       57932       15809        2315     1092000
     26           0        9162      281332      138507       44246       13279        2631      489157
Total       1754400     4734908     2316821      867298      234863       52066        6795     9967232
