 15.7  16.5  17.5  18.5  19.5  20.5  21.5  22.5  23.5  24.5  25.5  26.3 
  0.3   1.0   2.0   3.0   4.0   5.0   6.0   6.7 
     16         587         394          67          13           2           0           0        1062
     17        3429        3273         576          97          14           2           0        7390
     18       17180       23436        4396         649          77          10           1       45748
     19       71926      129582       28566        4051         406          43           3      234593
     20      203362      393991      115609       20262        1960         180           9      735387
     21      374181      670830      242758       62241        7671         678          31     1358354
     22      494901      906466      352730      116820       20929        2166         100     1894123
     23      443775     1057934      425740      169627       42185        5676         291     2145245
     24      147075     1068713      452483      208064       66636       12461         779     1956318
     25           0      493255      451449      226274       88330       22271        1967     1283551
     26           0       16112      342303      196498       80697       25622        3164      664399
Total       1913370     5134221     2595834     1078777      332522       75006        6987    11136825
