dcr_nham1_ugri_v1.5_10yrs                               -1.38  40.0      -0.34  55.3       0.49  47.4       0.48   5.8       0.48  36.8
rolling_mod6_sdf_0.20_v1.5_10yrs                        -1.37  24.7      -0.24   5.8       0.49  65.8       0.49   8.9       0.45   5.3
wfd_depth_scale0.95_noddf_v1.5_10yrs                    -1.38  49.5      -0.31  33.7       0.48  34.7       0.53  86.8       0.49  54.2
u60_v1.5_10yrs                                          -1.27   4.7      -0.22   4.2       0.53  97.9       0.51  44.7       0.48  35.8
footprint_stuck_rollingv1.5_10yrs                       -1.39  54.7      -0.25   8.4       0.49  56.3       0.52  60.5       0.43   4.2
filterdist_indx4_v1.5_10yrs                             -0.84   1.1      -0.28  11.6       0.52  97.4       0.45   2.6       0.52  95.8
wfd_depth_scale0.70_noddf_v1.5_10yrs                    -1.37  22.6      -0.31  31.6       0.48  33.2       0.52  78.9       0.49  58.9
daily_ddf_v1.5_10yrs                                    -1.38  40.5      -0.31  24.7       0.49  68.9       0.51  46.3       0.49  49.5
alt_roll_mod2_dust_sdf_0.20_v1.5_10yrs                  -1.39  52.6      -0.24   5.3       0.50  86.8       0.51  31.6       0.47  13.2
goodseeing_gz_v1.5_10yrs                                -1.38  45.3      -0.29  14.7       0.48  18.4       0.50  11.1       0.53  97.4
filterdist_indx1_v1.5_10yrs                             -1.18   2.6       0.16   3.2       0.51  95.8       0.40   1.1       0.50  81.6
footprint_standard_goalsv1.5_10yrs                      -1.38  38.4      -0.31  26.3       0.49  69.5       0.51  54.7       0.48  42.1
footprint_big_sky_dustv1.5_10yrs                        -1.37  30.5      -0.29  14.2       0.51  94.2       0.52  76.3       0.50  75.3
footprint_bluer_footprintv1.5_10yrs                     -1.69  99.5       0.03   1.1       0.56  98.9       0.57  98.9       0.47  10.0
twilight_neo_mod4_v1.5_10yrs                            -1.39  53.2      -0.23   4.7       0.48  24.7       0.51  41.1       0.41   2.1
goodseeing_gi_v1.5_10yrs                                -1.37  26.8      -0.32  46.8       0.47  13.2       0.53  93.7       0.53  96.8
footprint_big_wfdv1.5_10yrs                             -1.36  18.4      -0.31  41.6       0.49  63.2       0.52  71.1       0.49  53.7
dcr_nham2_ugr_v1.5_10yrs                                -1.38  51.1      -0.36  87.4       0.43   4.7       0.50  13.2       0.49  52.6
short_exp_5ns_5expt_v1.5_10yrs                          -1.39  53.7      -0.48  99.5       0.48  17.9       0.53  94.2       0.48  26.3
goodseeing_griz_v1.5_10yrs                              -1.36  12.6      -0.31  27.4       0.49  60.0       0.50  13.7       0.51  94.2
twilight_neo_mod1_v1.5_10yrs                            -1.43  58.9       0.00   0.5       0.47  15.3       0.52  81.6       0.10   0.5
bulges_cadence_bulge_wfd_v1.5_10yrs                     -1.37  25.3      -0.30  16.3       0.49  76.3       0.52  60.0       0.49  57.4
third_obs_pt120v1.5_10yrs                               -1.37  28.4      -0.31  39.5       0.48  25.8       0.52  85.8       0.48  34.2
wfd_depth_scale0.95_v1.5_10yrs                          -1.38  52.1      -0.30  19.5       0.48  40.5       0.52  61.1       0.49  61.1
wfd_depth_scale0.85_noddf_v1.5_10yrs                    -1.37  31.6      -0.31  37.9       0.49  53.2       0.52  83.2       0.48  29.5
footprint_no_gp_northv1.5_10yrs                         -1.37  33.7      -0.31  35.3       0.49  67.9       0.51  53.7       0.48  28.4
footprint_big_skyv1.5_10yrs                             -1.36  14.7      -0.28  10.5       0.51  96.3       0.53  88.9       0.50  87.4
footprint_newBv1.5_10yrs                                -1.36  16.8      -0.30  17.9       0.50  92.1       0.53  88.4       0.48  18.4
baseline_2snaps_v1.5_10yrs                              -1.50  95.3      -0.34  54.2       0.48  17.4       0.51  36.3       0.48  18.9
footprint_big_sky_nouiyv1.5_10yrs                       -1.36  15.8      -0.28  11.1       0.51  95.3       0.54  95.8       0.50  90.5
twilight_neo_mod3_v1.5_10yrs                            -1.39  54.2      -0.21   3.7       0.47  15.8       0.51  21.6       0.39   1.6
greedy_footprint_v1.5_10yrs                             -1.38  42.6      -0.28  10.0       0.48  22.6       0.52  58.9       0.47  12.6
wfd_depth_scale0.90_v1.5_10yrs                          -1.37  23.2      -0.31  40.5       0.49  47.9       0.52  64.7       0.48  30.0
dcr_nham1_ug_v1.5_10yrs                                 -1.36  13.7      -0.40  97.4       0.48  23.7       0.53  90.5       0.48  32.6
rolling_mod2_sdf_0.10_v1.5_10yrs                        -1.38  43.7      -0.26   9.5       0.50  84.2       0.50  17.9       0.47   8.4
footprint_newAv1.5_10yrs                                -1.37  26.3      -0.31  31.1       0.50  81.1       0.53  94.7       0.48  40.5
rolling_mod3_sdf_0.10_v1.5_10yrs                        -1.37  34.7      -0.25   6.8       0.50  82.1       0.50  11.6       0.46   7.9
var_expt_v1.5_10yrs                                     -1.53  98.4      -0.37  91.6       0.42   2.6       0.49   7.9       0.59 100.0
bulges_i_heavy_v1.5_10yrs                               -1.37  29.5      -0.30  17.4       0.49  77.9       0.52  76.8       0.49  56.8
wfd_depth_scale0.75_v1.5_10yrs                          -1.36  13.2      -0.32  42.6       0.50  89.5       0.51  36.8       0.48  38.4
dcr_nham2_ug_v1.5_10yrs                                 -1.34   7.9      -0.47  97.9       0.46  11.6       0.53  91.6       0.48  23.7
filterdist_indx3_v1.5_10yrs                             -1.75 100.0       0.10   1.6       0.56  99.5       0.46   3.7       0.50  86.8
goodseeing_i_v1.5_10yrs                                 -1.38  46.3      -0.36  91.1       0.45   9.5       0.55  97.4       0.53  98.4
short_exp_2ns_5expt_v1.5_10yrs                          -1.43  57.9      -0.39  94.7       0.48  31.6       0.53  87.4       0.48  41.1
footprint_add_mag_cloudsv1.5_10yrs                      -1.38  37.4      -0.31  33.2       0.49  57.4       0.52  67.4       0.49  51.1
filterdist_indx6_v1.5_10yrs                             -1.38  46.8      -0.32  44.7       0.29   0.5       0.70 100.0       0.52  96.3
agnddf_v1.5_10yrs                                       -1.37  32.6      -0.31  37.4       0.49  49.5       0.53  92.6       0.48  32.1
wfd_depth_scale0.70_v1.5_10yrs                          -1.35  10.0      -0.30  18.4       0.50  87.4       0.51  28.9       0.48  24.7
alt_dust_v1.5_10yrs                                     -1.38  50.0      -0.29  15.3       0.50  78.9       0.52  72.1       0.48  30.5
baseline_v1.5_10yrs                                     -1.38  38.9      -0.31  28.9       0.49  75.3       0.52  73.2       0.48  21.6
filterdist_indx7_v1.5_10yrs                             -1.30   5.8      -0.12   2.1       0.50  93.7       0.49   8.4       0.51  92.1
wfd_depth_scale0.65_v1.5_10yrs                          -1.34   8.4      -0.30  21.1       0.50  92.6       0.51  21.1       0.48  20.5
descddf_v1.5_10yrs                                      -1.37  31.1      -0.30  23.2       0.49  42.1       0.53  91.1       0.48  20.0
bulges_bs_v1.5_10yrs                                    -1.37  27.9      -0.29  15.8       0.50  81.6       0.52  58.4       0.48  42.6
filterdist_indx2_v1.5_10yrs                             -1.37  32.1      -0.31  38.9       0.48  20.0       0.53  90.0       0.50  80.0
short_exp_5ns_1expt_v1.5_10yrs                          -1.38  48.9      -0.49 100.0       0.47  16.3       0.54  96.8       0.49  46.8
wfd_depth_scale0.80_noddf_v1.5_10yrs                    -1.37  20.0      -0.31  36.3       0.49  73.7       0.52  77.9       0.49  55.8
wfd_depth_scale0.85_v1.5_10yrs                          -1.36  18.9      -0.31  36.8       0.49  74.2       0.52  57.4       0.48  26.8
dcr_nham2_ugri_v1.5_10yrs                               -1.38  41.6      -0.36  87.9       0.49  56.8       0.46   3.2       0.47  11.1
third_obs_pt45v1.5_10yrs                                -1.38  48.4      -0.31  23.7       0.48  30.0       0.52  82.6       0.48  17.4
wfd_depth_scale0.65_noddf_v1.5_10yrs                    -1.36  14.2      -0.31  30.5       0.49  72.6       0.52  69.5       0.48  34.7
wfd_depth_scale0.80_v1.5_10yrs                          -1.35   9.5      -0.32  45.3       0.49  76.8       0.51  55.8       0.48  27.4
bulges_cadence_i_heavy_v1.5_10yrs                       -1.38  43.2      -0.29  13.7       0.50  85.8       0.51  37.9       0.49  44.2
filterdist_indx8_v1.5_10yrs                             -1.37  24.2      -0.33  47.9       0.43   6.8       0.47   4.2       0.51  91.6
rolling_mod6_sdf_0.10_v1.5_10yrs                        -1.38  45.8      -0.25   6.3       0.49  71.6       0.49   6.8       0.45   5.8
footprint_gp_smoothv1.5_10yrs                           -1.38  42.1      -0.30  22.6       0.49  60.5       0.51  54.2       0.48  39.5
twilight_neo_mod2_v1.5_10yrs                            -1.41  56.3      -0.16   2.6       0.48  18.9       0.51  32.1       0.33   1.1
third_obs_pt15v1.5_10yrs                                -1.38  39.5      -0.31  29.5       0.49  75.8       0.52  72.6       0.48  21.1
bulges_bulge_wfd_v1.5_10yrs                             -1.38  41.1      -0.29  12.1       0.49  73.2       0.52  62.6       0.49  48.4
goodseeing_gri_v1.5_10yrs                               -1.35  11.6      -0.31  26.8       0.48  16.8       0.51  56.3       0.53  97.9
rolling_mod3_sdf_0.20_v1.5_10yrs                        -1.38  35.8      -0.25   7.9       0.50  86.3       0.50  14.2       0.46   7.4
short_exp_2ns_1expt_v1.5_10yrs                          -1.44  59.5      -0.38  93.7       0.48  27.9       0.53  92.1       0.48  38.9
spiders_v1.5_10yrs                                      -1.38  36.3      -0.31  32.6       0.49  62.1       0.52  56.8       0.49  50.5
third_obs_pt90v1.5_10yrs                                -1.38  44.2      -0.31  32.1       0.48  39.5       0.52  84.2       0.49  43.2
dcr_nham1_ugr_v1.5_10yrs                                -1.38  50.5      -0.33  48.4       0.46  10.0       0.51  20.5       0.48  35.3
wfd_depth_scale0.75_noddf_v1.5_10yrs                    -1.36  16.3      -0.32  44.2       0.49  63.7       0.52  79.5       0.48  40.0
third_obs_pt60v1.5_10yrs                                -1.38  37.9      -0.31  34.2       0.49  52.6       0.52  82.1       0.49  50.0
rolling_mod2_sdf_0.20_v1.5_10yrs                        -1.38  36.8      -0.26   8.9       0.50  80.5       0.50  17.4       0.47   8.9
wfd_depth_scale0.90_noddf_v1.5_10yrs                    -1.38  35.3      -0.31  28.4       0.49  58.4       0.52  85.3       0.49  51.6
wfd_depth_scale0.99_noddf_v1.5_10yrs                    -1.40  55.3      -0.31  27.9       0.48  20.5       0.52  83.7       0.49  57.9
bulges_cadence_bs_v1.5_10yrs                            -1.37  27.4      -0.30  16.8       0.50  84.7       0.52  57.9       0.49  61.6
third_obs_pt30v1.5_10yrs                                -1.38  47.9      -0.31  24.2       0.49  59.5       0.52  75.3       0.48  16.8
wfd_depth_scale0.99_v1.5_10yrs                          -1.40  55.8      -0.30  21.6       0.48  29.5       0.51  51.1       0.49  60.0
filterdist_indx5_v1.5_10yrs                             -1.35  11.1      -0.33  47.4       0.46  10.5       0.30   0.5       0.49  66.3
roll_mod2_dust_sdf_0.20_v1.5_10yrs                      -1.37  21.6      -0.25   7.4       0.50  91.1       0.50  16.3       0.47  11.6
baseline_nexp2_scaleddown_v1.6_10yrs                    -1.49  88.4      -0.34  56.3       0.48  22.1       0.51  34.7       0.50  88.9
rolling_fpo_3nslice0.8_v1.6_10yrs                       -1.37  30.0      -0.30  20.0       0.49  71.1       0.52  81.1       0.49  60.5
rolling_fpo_2nslice0.8_v1.6_10yrs                       -1.37  25.8      -0.30  20.5       0.50  91.6       0.51  48.9       0.48  41.6
combo_dust_v1.6_10yrs                                   -1.38  44.7      -0.31  42.1       0.52  96.8       0.53  93.2       0.49  54.7
ss_heavy_v1.6_10yrs                                     -1.30   6.8      -0.35  80.5       0.57 100.0       0.43   2.1       0.51  93.2
rolling_fpo_6nslice0.9_v1.6_10yrs                       -1.37  28.9      -0.32  43.2       0.49  70.5       0.52  73.7       0.50  76.3
baseline_nexp1_v1.6_10yrs                               -1.36  17.9      -0.31  34.7       0.50  88.9       0.51  51.6       0.50  91.1
even_filters_g_v1.6_10yrs                               -1.18   3.2      -0.39  95.8       0.41   1.1       0.52  68.9       0.43   3.2
rolling_fpo_2nslice1.0_v1.6_10yrs                       -1.37  22.1      -0.30  18.9       0.50  88.4       0.51  43.7       0.49  48.9
rolling_fpo_3nslice1.0_v1.6_10yrs                       -1.37  19.5      -0.30  22.1       0.49  72.1       0.52  64.2       0.49  62.6
ddf_heavy_v1.6_10yrs                                    -1.35  10.5      -0.32  45.8       0.51  94.7       0.48   5.3       0.49  55.3
even_filters_altv1.6_10yrs                              -1.31   7.4      -0.31  25.8       0.47  12.1       0.52  74.2       0.44   4.7
rolling_exgal_mod2_dust_sdf_0.80_v1.6_10yrs             -1.38  51.6      -0.31  35.8       0.50  85.3       0.53  87.9       0.49  53.2
combo_dust_nexp2_v1.6_10yrs                             -1.50  90.0      -0.35  75.3       0.50  90.0       0.52  62.1       0.49  59.5
dm_heavy_v1.6_10yrs                                     -1.37  23.7      -0.36  86.8       0.43   5.3       0.51  55.3       0.55  99.5
even_filtersv1.6_10yrs                                  -1.30   6.3      -0.32  43.7       0.46  11.1       0.52  75.8       0.43   3.7
mw_heavy_v1.6_10yrs                                     -1.36  17.4      -0.31  41.1       0.49  77.4       0.52  77.4       0.50  87.9
rolling_fpo_6nslice1.0_v1.6_10yrs                       -1.38  47.4      -0.31  38.4       0.49  64.7       0.52  74.7       0.49  70.0
baseline_nexp2_v1.6_10yrs                               -1.49  78.9      -0.35  70.5       0.49  55.8       0.51  42.1       0.49  52.1
dm_heavy_nexp2_v1.6_10yrs                               -1.49  81.6      -0.38  93.2       0.42   3.2       0.50  15.3       0.54  98.9
rolling_fpo_6nslice0.8_v1.6_10yrs                       -1.37  34.2      -0.32  46.3       0.49  67.4       0.52  65.8       0.50  83.2
rolling_fpo_2nslice0.9_v1.6_10yrs                       -1.37  20.5      -0.31  30.0       0.50  93.2       0.51  47.4       0.49  46.3
mw_heavy_nexp2_v1.6_10yrs                               -1.49  73.2      -0.35  78.4       0.49  61.6       0.51  24.7       0.50  79.5
ss_heavy_nexp2_v1.6_10yrs                               -1.42  57.4      -0.39  95.3       0.55  98.4       0.42   1.6       0.50  90.0
rolling_fpo_3nslice0.9_v1.6_10yrs                       -1.37  21.1      -0.31  25.3       0.49  74.7       0.52  66.3       0.49  64.2
ddf_heavy_nexp2_v1.6_10yrs                              -1.47  63.2      -0.36  84.2       0.50  80.0       0.48   4.7       0.48  22.1
rolling_exgal_mod2_dust_sdf_0.80_nexp2_v1.6_10yrs       -1.49  87.4      -0.35  74.7       0.49  54.2       0.52  68.4       0.48  36.3
barebones_nexp2_v1.6_10yrs                              -1.46  61.6      -0.36  88.4       0.43   5.8       0.56  98.4       0.46   6.8
barebones_v1.6_10yrs                                    -1.36  15.3      -0.29  13.2       0.44   7.9       0.58  99.5       0.45   6.3
even_filters_alt_g_v1.6_10yrs                           -1.21   3.7      -0.38  94.2       0.42   1.6       0.52  80.5       0.42   2.6
rolling_nm_scale0.6_nslice2_v1.7_10yrs                  -1.50  94.2      -0.34  57.9       0.48  37.4       0.51  40.5       0.48  19.5
ddf_dither0.70_v1.7_10yrs                               -1.49  83.7      -0.35  65.8       0.49  51.1       0.51  30.5       0.50  77.4
rolling_scale0.9_nslice3_v1.7_10yrs                     -1.49  86.8      -0.34  51.6       0.49  53.7       0.51  43.2       0.48  27.9
ddf_dither1.00_v1.7_10yrs                               -1.48  69.5      -0.36  88.9       0.48  36.8       0.51  23.7       0.50  82.1
ddf_dither0.05_v1.7_10yrs                               -1.49  79.5      -0.35  73.7       0.48  35.8       0.51  23.2       0.50  85.3
euclid_dither2_v1.7_10yrs                               -1.50  91.6      -0.35  67.4       0.49  41.6       0.51  25.3       0.49  70.5
ddf_dither0.00_v1.7_10yrs                               -1.48  66.8      -0.35  80.0       0.49  65.3       0.50  18.9       0.50  71.1
twi_pairs_mixed_repeat_v1.7_10yrs                       -1.48  70.0      -0.35  72.1       0.47  12.6       0.53  95.3       0.48  16.3
u_long_ms_60_v1.7_10yrs                                 -0.80   0.5      -0.34  57.4       0.50  83.2       0.50  10.0       0.50  75.8
rolling_nm_scale0.9_nslice3_v1.7_10yrs                  -1.48  68.4      -0.35  61.1       0.49  62.6       0.51  47.9       0.48  23.2
rolling_scale0.6_nslice2_v1.7_10yrs                     -1.49  74.2      -0.34  58.9       0.49  45.3       0.51  50.5       0.49  43.7
twi_neo_pattern1_v1.7_10yrs                             -1.45  60.0      -0.37  92.1       0.48  28.4       0.50  19.5       0.50  81.1
cadence_drive_gl30v1.7_10yrs                            -1.41  56.8      -0.40  96.8       0.45   8.4       0.51  20.0       0.50  88.4
twi_neo_pattern4_v1.7_10yrs                             -1.49  72.6      -0.36  86.3       0.48  35.3       0.51  22.6       0.50  74.7
twi_pairs_mixed_v1.7_10yrs                              -1.48  64.2      -0.35  81.6       0.47  14.2       0.54  96.3       0.48  33.2
cadence_drive_gl200v1.7_10yrs                           -1.53  98.9      -0.34  53.2       0.42   3.7       0.49   6.3       0.48  17.9
ddf_dither2.00_v1.7_10yrs                               -1.48  65.3      -0.36  83.2       0.48  34.2       0.51  48.4       0.49  67.9
ddf_dither1.50_v1.7_10yrs                               -1.49  77.4      -0.35  60.5       0.48  26.3       0.51  24.2       0.50  86.3
twi_neo_pattern6_v1.7_10yrs                             -1.49  72.1      -0.35  72.6       0.48  25.3       0.51  34.2       0.50  83.7
rolling_scale0.8_nslice3_v1.7_10yrs                     -1.49  75.3      -0.35  61.6       0.49  64.2       0.51  46.8       0.47  14.7
u_long_ms_40_v1.7_10yrs                                 -1.08   2.1      -0.34  54.7       0.50  78.4       0.50  15.8       0.50  78.9
rolling_nm_scale1.0_nslice3_v1.7_10yrs                  -1.49  75.8      -0.34  49.5       0.49  58.9       0.51  44.2       0.47  10.5
baseline_nexp2_v1.7_10yrs                               -1.49  84.2      -0.35  66.8       0.49  50.5       0.51  29.5       0.50  78.4
rolling_scale0.2_nslice3_v1.7_10yrs                     -1.49  77.9      -0.35  70.0       0.48  32.1       0.51  40.0       0.49  58.4
twi_neo_pattern3_v1.7_10yrs                             -1.48  67.9      -0.35  77.9       0.48  23.2       0.51  26.8       0.50  84.2
rolling_scale0.4_nslice3_v1.7_10yrs                     -1.50  93.7      -0.35  71.1       0.49  41.1       0.51  53.2       0.48  33.7
u_long_ms_30_v1.7_10yrs                                 -1.27   4.2      -0.35  77.4       0.49  44.7       0.51  37.4       0.50  89.5
rolling_nm_scale0.8_nslice3_v1.7_10yrs                  -1.49  82.1      -0.35  60.0       0.49  70.0       0.51  33.2       0.47  12.1
cadence_drive_gl100_gcbv1.7_10yrs                       -1.36  12.1      -0.47  98.4       0.44   7.4       0.50  12.1       0.51  95.3
euclid_dither5_v1.7_10yrs                               -1.49  71.6      -0.34  58.4       0.49  57.9       0.51  35.3       0.49  68.4
rolling_nm_scale0.2_nslice3_v1.7_10yrs                  -1.50  90.5      -0.35  63.7       0.49  55.3       0.52  61.6       0.48  37.4
rolling_scale1.0_nslice3_v1.7_10yrs                     -1.49  73.7      -0.34  51.1       0.49  45.8       0.51  22.1       0.48  22.6
rolling_nm_scale0.4_nslice3_v1.7_10yrs                  -1.48  70.5      -0.35  64.7       0.49  48.9       0.51  41.6       0.48  31.1
footprint_0_v1.710yrs                                   -1.48  64.7      -0.36  89.5       0.50  87.9       0.52  84.7       0.49  63.2
rolling_nm_scale0.2_nslice2_v1.7_10yrs                  -1.49  71.1      -0.35  71.6       0.49  46.3       0.51  38.4       0.49  64.7
rolling_scale1.0_nslice2_v1.7_10yrs                     -1.50  91.1      -0.34  52.1       0.48  38.4       0.51  45.3       0.48  15.8
cadence_drive_gl100v1.7_10yrs                           -1.34   8.9      -0.48  98.9       0.43   4.2       0.50  12.6       0.51  93.7
euclid_dither1_v1.7_10yrs                               -1.49  82.6      -0.35  66.3       0.49  52.1       0.51  30.0       0.50  77.9
footprint_1_v1.710yrs                                   -1.48  65.8      -0.37  92.6       0.48  38.9       0.52  78.4       0.49  68.9
rolling_nm_scale0.4_nslice2_v1.7_10yrs                  -1.49  80.0      -0.35  59.5       0.48  31.1       0.51  42.6       0.49  45.8
rolling_nm_scale0.8_nslice2_v1.7_10yrs                  -1.49  76.8      -0.34  53.7       0.48  28.9       0.51  49.5       0.48  25.3
footprint_3_v1.710yrs                                   -1.49  81.1      -0.36  84.7       0.49  43.2       0.52  63.2       0.49  65.3
footprint_2_v1.710yrs                                   -1.50  94.7      -0.35  69.5       0.48  26.8       0.52  70.5       0.49  67.4
euclid_dither4_v1.7_10yrs                               -1.48  68.9      -0.35  76.3       0.48  32.6       0.51  52.6       0.50  72.1
ddf_dither0.30_v1.7_10yrs                               -1.49  74.7      -0.35  68.9       0.49  61.1       0.50  18.4       0.50  72.6
footprint_7_v1.710yrs                                   -1.50  97.4      -0.35  82.6       0.48  33.7       0.52  70.0       0.49  66.8
rolling_nm_scale1.0_nslice2_v1.7_10yrs                  -1.48  67.4      -0.34  56.8       0.49  66.8       0.51  27.9       0.47  15.3
rolling_scale0.2_nslice2_v1.7_10yrs                     -1.49  85.3      -0.35  74.2       0.48  27.4       0.52  66.8       0.49  56.3
twi_neo_pattern2_v1.7_10yrs                             -1.48  63.7      -0.36  85.8       0.48  21.6       0.51  33.7       0.50  85.8
rolling_scale0.4_nslice2_v1.7_10yrs                     -1.50  89.5      -0.35  62.6       0.49  43.7       0.52  59.5       0.49  45.3
pair_times_55_v1.7_10yrs                                -1.45  61.1      -0.36  83.7       0.50  83.7       0.50   9.5       0.51  94.7
footprint_6_v1.710yrs                                   -1.49  86.3      -0.36  90.0       0.48  19.5       0.53  86.3       0.49  62.1
u_long_ms_50_v1.7_10yrs                                 -0.91   1.6      -0.35  64.2       0.50  82.6       0.50  14.7       0.50  74.2
twi_neo_pattern7_v1.7_10yrs                             -1.48  66.3      -0.35  78.9       0.48  24.2       0.51  35.8       0.50  82.6
rolling_scale0.8_nslice2_v1.7_10yrs                     -1.50  92.1      -0.34  50.5       0.49  50.0       0.51  52.1       0.48  25.8
cadence_drive_gl30_gcbv1.7_10yrs                        -1.43  58.4      -0.40  96.3       0.45   8.9       0.51  27.4       0.51  92.6
footprint_4_v1.710yrs                                   -1.49  88.9      -0.35  76.8       0.48  30.5       0.52  71.6       0.49  44.7
pair_times_44_v1.7_10yrs                                -1.45  60.5      -0.35  79.5       0.49  66.3       0.50  10.5       0.50  84.7
footprint_5_v1.710yrs                                   -1.49  80.5      -0.36  85.3       0.49  42.6       0.52  63.7       0.49  65.8
twi_pairs_repeat_v1.7_10yrs                             -1.50  95.8      -0.34  50.0       0.47  13.7       0.52  80.0       0.48  37.9
twi_neo_pattern5_v1.7_10yrs                             -1.47  62.6      -0.35  81.1       0.49  46.8       0.51  28.4       0.50  71.6
twi_pairs_v1.7_10yrs                                    -1.49  87.9      -0.35  63.2       0.47  14.7       0.53  89.5       0.49  47.9
cadence_drive_gl200_gcbv1.7_10yrs                       -1.52  97.9      -0.35  75.8       0.42   2.1       0.49   7.4       0.47  13.7
pair_times_33_v1.7_10yrs                                -1.47  62.1      -0.35  82.1       0.50  79.5       0.50  16.8       0.50  73.2
rolling_nm_scale0.9_nslice2_v1.7_10yrs                  -1.49  85.8      -0.33  48.9       0.48  40.0       0.51  39.5       0.47  14.2
rolling_scale0.6_nslice3_v1.7_10yrs                     -1.50  92.6      -0.34  55.8       0.49  54.7       0.51  50.0       0.48  31.6
baseline_nexp1_v1.7_10yrs                               -1.37  33.2      -0.31  40.0       0.50  90.5       0.52  67.9       0.50  73.7
pair_times_22_v1.7_10yrs                                -1.49  83.2      -0.35  65.3       0.49  51.6       0.51  31.1       0.50  76.8
pair_times_11_v1.7_10yrs                                -1.50  93.2      -0.35  73.2       0.48  21.1       0.51  38.9       0.49  47.4
footprint_8_v1.710yrs                                   -1.50  96.3      -0.36  90.5       0.49  48.4       0.52  65.3       0.49  69.5
ddf_dither0.10_v1.7_10yrs                               -1.49  76.3      -0.35  62.1       0.49  44.2       0.51  32.6       0.49  63.7
rolling_nm_scale0.6_nslice3_v1.7_10yrs                  -1.49  78.4      -0.35  68.4       0.48  37.9       0.51  45.8       0.48  28.9
rolling_scale0.9_nslice2_v1.7_10yrs                     -1.50  96.8      -0.34  52.6       0.49  68.4       0.51  26.3       0.48  24.2
euclid_dither3_v1.7_10yrs                               -1.49  84.7      -0.35  67.9       0.48  36.3       0.51  25.8       0.50  80.5
baseline_samefilt_v1.5_10yrs                            -1.27   5.3      -0.29  12.6       0.43   6.3       0.55  97.9       0.47   9.5
