dcr_nham1_ugri_v1.5_10yrs                               -2.47  40.0      -0.32  55.3       0.50  47.4       0.66   5.8       0.53  36.8
rolling_mod6_sdf_0.20_v1.5_10yrs                        -2.46  24.7      -0.22   5.8       0.50  65.8       0.67   8.9       0.50   5.3
wfd_depth_scale0.95_noddf_v1.5_10yrs                    -2.48  49.5      -0.29  33.7       0.49  34.7       0.70  86.8       0.54  54.2
u60_v1.5_10yrs                                          -2.37   4.7      -0.21   4.2       0.54  97.9       0.69  44.7       0.53  35.8
footprint_stuck_rollingv1.5_10yrs                       -2.48  54.7      -0.23   8.4       0.50  56.3       0.70  60.5       0.49   4.2
filterdist_indx4_v1.5_10yrs                             -1.94   1.1      -0.26  11.6       0.53  97.4       0.63   2.6       0.57  95.8
wfd_depth_scale0.70_noddf_v1.5_10yrs                    -2.46  22.6      -0.29  31.6       0.49  33.2       0.70  78.9       0.54  58.9
daily_ddf_v1.5_10yrs                                    -2.47  40.5      -0.29  24.7       0.50  68.9       0.69  46.3       0.54  49.5
alt_roll_mod2_dust_sdf_0.20_v1.5_10yrs                  -2.48  52.6      -0.22   5.3       0.51  86.8       0.69  31.6       0.53  13.2
goodseeing_gz_v1.5_10yrs                                -2.47  45.3      -0.27  14.7       0.49  18.4       0.68  11.1       0.58  97.4
filterdist_indx1_v1.5_10yrs                             -2.27   2.6       0.18   3.2       0.52  95.8       0.58   1.1       0.55  81.6
footprint_standard_goalsv1.5_10yrs                      -2.47  38.4      -0.29  26.3       0.50  69.5       0.69  54.7       0.54  42.1
footprint_big_sky_dustv1.5_10yrs                        -2.47  30.5      -0.27  14.2       0.52  94.2       0.70  76.3       0.55  75.3
footprint_bluer_footprintv1.5_10yrs                     -2.79  99.5       0.05   1.1       0.56  98.9       0.75  98.9       0.52  10.0
twilight_neo_mod4_v1.5_10yrs                            -2.48  53.2      -0.22   4.7       0.49  24.7       0.69  41.1       0.46   2.1
goodseeing_gi_v1.5_10yrs                                -2.47  26.8      -0.30  46.8       0.48  13.2       0.71  93.7       0.58  96.8
footprint_big_wfdv1.5_10yrs                             -2.46  18.4      -0.30  41.6       0.50  63.2       0.70  71.1       0.54  53.7
dcr_nham2_ugr_v1.5_10yrs                                -2.48  51.1      -0.34  87.4       0.44   4.7       0.68  13.2       0.54  52.6
short_exp_5ns_5expt_v1.5_10yrs                          -2.48  53.7      -0.46  99.5       0.49  17.9       0.71  94.2       0.53  26.3
goodseeing_griz_v1.5_10yrs                              -2.45  12.6      -0.29  27.4       0.50  60.0       0.68  13.7       0.56  94.2
twilight_neo_mod1_v1.5_10yrs                            -2.52  58.9       0.02   0.5       0.48  15.3       0.70  81.6       0.15   0.5
bulges_cadence_bulge_wfd_v1.5_10yrs                     -2.46  25.3      -0.28  16.3       0.50  76.3       0.70  60.0       0.54  57.4
third_obs_pt120v1.5_10yrs                               -2.47  28.4      -0.30  39.5       0.49  25.8       0.70  85.8       0.53  34.2
wfd_depth_scale0.95_v1.5_10yrs                          -2.48  52.1      -0.28  19.5       0.49  40.5       0.70  61.1       0.54  61.1
wfd_depth_scale0.85_noddf_v1.5_10yrs                    -2.47  31.6      -0.30  37.9       0.50  53.2       0.70  83.2       0.53  29.5
footprint_no_gp_northv1.5_10yrs                         -2.47  33.7      -0.29  35.3       0.50  67.9       0.69  53.7       0.53  28.4
footprint_big_skyv1.5_10yrs                             -2.45  14.7      -0.26  10.5       0.52  96.3       0.71  88.9       0.55  87.4
footprint_newBv1.5_10yrs                                -2.45  16.8      -0.28  17.9       0.51  92.1       0.71  88.4       0.53  18.4
baseline_2snaps_v1.5_10yrs                              -2.59  95.3      -0.32  54.2       0.49  17.4       0.69  36.3       0.53  18.9
footprint_big_sky_nouiyv1.5_10yrs                       -2.45  15.8      -0.26  11.1       0.52  95.3       0.71  95.8       0.56  90.5
twilight_neo_mod3_v1.5_10yrs                            -2.48  54.2      -0.19   3.7       0.48  15.8       0.68  21.6       0.44   1.6
greedy_footprint_v1.5_10yrs                             -2.47  42.6      -0.26  10.0       0.49  22.6       0.70  58.9       0.52  12.6
wfd_depth_scale0.90_v1.5_10yrs                          -2.46  23.2      -0.30  40.5       0.50  47.9       0.70  64.7       0.53  30.0
dcr_nham1_ug_v1.5_10yrs                                 -2.45  13.7      -0.39  97.4       0.49  23.7       0.71  90.5       0.53  32.6
rolling_mod2_sdf_0.10_v1.5_10yrs                        -2.47  43.7      -0.24   9.5       0.51  84.2       0.68  17.9       0.52   8.4
footprint_newAv1.5_10yrs                                -2.47  26.3      -0.29  31.1       0.51  81.1       0.71  94.7       0.54  40.5
rolling_mod3_sdf_0.10_v1.5_10yrs                        -2.47  34.7      -0.23   6.8       0.51  82.1       0.68  11.6       0.52   7.9
var_expt_v1.5_10yrs                                     -2.62  98.4      -0.35  91.6       0.43   2.6       0.67   7.9       0.64 100.0
bulges_i_heavy_v1.5_10yrs                               -2.47  29.5      -0.28  17.4       0.50  77.9       0.70  76.8       0.54  56.8
wfd_depth_scale0.75_v1.5_10yrs                          -2.45  13.2      -0.30  42.6       0.51  89.5       0.69  36.8       0.54  38.4
dcr_nham2_ug_v1.5_10yrs                                 -2.43   7.9      -0.45  97.9       0.47  11.6       0.71  91.6       0.53  23.7
filterdist_indx3_v1.5_10yrs                             -2.84 100.0       0.12   2.1       0.57  99.5       0.64   3.7       0.55  86.8
goodseeing_i_v1.5_10yrs                                 -2.47  46.3      -0.35  91.1       0.46   9.5       0.73  97.4       0.59  98.4
short_exp_2ns_5expt_v1.5_10yrs                          -2.52  57.9      -0.37  94.7       0.49  31.6       0.71  87.4       0.54  41.1
footprint_add_mag_cloudsv1.5_10yrs                      -2.47  37.4      -0.29  33.2       0.50  57.4       0.70  67.4       0.54  51.1
filterdist_indx6_v1.5_10yrs                             -2.47  46.8      -0.30  44.7       0.30   0.5       0.88 100.0       0.58  96.3
agnddf_v1.5_10yrs                                       -2.47  32.6      -0.30  37.4       0.50  49.5       0.71  92.6       0.53  32.1
wfd_depth_scale0.70_v1.5_10yrs                          -2.44  10.0      -0.28  18.4       0.51  87.4       0.69  28.9       0.53  24.7
alt_dust_v1.5_10yrs                                     -2.48  50.0      -0.27  15.3       0.50  78.9       0.70  72.1       0.53  30.5
baseline_v1.5_10yrs                                     -2.47  38.9      -0.29  28.9       0.50  75.3       0.70  73.2       0.53  21.6
filterdist_indx7_v1.5_10yrs                             -2.39   5.8      -0.11   1.6       0.51  93.7       0.67   8.4       0.56  92.1
wfd_depth_scale0.65_v1.5_10yrs                          -2.44   8.4      -0.29  21.1       0.51  92.6       0.68  21.1       0.53  20.5
descddf_v1.5_10yrs                                      -2.47  31.1      -0.29  23.2       0.49  42.1       0.71  91.1       0.53  20.0
bulges_bs_v1.5_10yrs                                    -2.47  27.9      -0.28  15.8       0.51  81.6       0.69  58.4       0.54  42.6
filterdist_indx2_v1.5_10yrs                             -2.47  32.1      -0.30  38.9       0.49  20.0       0.71  90.0       0.55  80.0
short_exp_5ns_1expt_v1.5_10yrs                          -2.48  48.9      -0.47 100.0       0.48  16.3       0.72  96.8       0.54  46.8
wfd_depth_scale0.80_noddf_v1.5_10yrs                    -2.46  20.0      -0.29  36.3       0.50  73.7       0.70  77.9       0.54  55.8
wfd_depth_scale0.85_v1.5_10yrs                          -2.46  18.9      -0.29  36.8       0.50  74.2       0.69  57.4       0.53  26.8
dcr_nham2_ugri_v1.5_10yrs                               -2.47  41.6      -0.34  87.9       0.50  56.8       0.64   3.2       0.52  11.1
third_obs_pt45v1.5_10yrs                                -2.48  48.4      -0.29  23.7       0.49  30.0       0.70  82.6       0.53  17.4
wfd_depth_scale0.65_noddf_v1.5_10yrs                    -2.45  14.2      -0.29  30.5       0.50  72.6       0.70  69.5       0.53  34.7
wfd_depth_scale0.80_v1.5_10yrs                          -2.44   9.5      -0.30  45.3       0.50  76.8       0.69  55.8       0.53  27.4
bulges_cadence_i_heavy_v1.5_10yrs                       -2.47  43.2      -0.27  13.7       0.51  85.8       0.69  37.9       0.54  44.2
filterdist_indx8_v1.5_10yrs                             -2.46  24.2      -0.31  47.9       0.44   6.8       0.65   4.2       0.56  91.6
rolling_mod6_sdf_0.10_v1.5_10yrs                        -2.47  45.8      -0.23   6.3       0.50  71.6       0.67   6.8       0.50   5.8
footprint_gp_smoothv1.5_10yrs                           -2.47  42.1      -0.29  22.6       0.50  60.5       0.69  54.2       0.54  39.5
twilight_neo_mod2_v1.5_10yrs                            -2.50  56.3      -0.14   2.6       0.49  18.9       0.69  32.1       0.38   1.1
third_obs_pt15v1.5_10yrs                                -2.47  39.5      -0.29  29.5       0.50  75.8       0.70  72.6       0.53  21.1
bulges_bulge_wfd_v1.5_10yrs                             -2.47  41.1      -0.27  12.1       0.50  73.2       0.70  62.6       0.54  48.4
goodseeing_gri_v1.5_10yrs                               -2.45  11.6      -0.29  26.8       0.48  16.8       0.69  56.3       0.58  97.9
rolling_mod3_sdf_0.20_v1.5_10yrs                        -2.47  35.8      -0.23   7.9       0.51  86.3       0.68  14.2       0.51   7.4
short_exp_2ns_1expt_v1.5_10yrs                          -2.53  59.5      -0.36  93.7       0.49  27.9       0.71  92.1       0.54  38.9
spiders_v1.5_10yrs                                      -2.47  36.3      -0.29  32.6       0.50  62.1       0.69  56.8       0.54  50.5
third_obs_pt90v1.5_10yrs                                -2.47  44.2      -0.29  32.1       0.49  39.5       0.70  84.2       0.54  43.2
dcr_nham1_ugr_v1.5_10yrs                                -2.48  50.5      -0.31  48.4       0.46  10.0       0.68  20.5       0.53  35.3
wfd_depth_scale0.75_noddf_v1.5_10yrs                    -2.45  16.3      -0.30  44.2       0.50  63.7       0.70  79.5       0.54  40.0
third_obs_pt60v1.5_10yrs                                -2.47  37.9      -0.29  34.2       0.50  52.6       0.70  82.1       0.54  50.0
rolling_mod2_sdf_0.20_v1.5_10yrs                        -2.47  36.8      -0.24   8.9       0.50  80.5       0.68  17.4       0.52   8.9
wfd_depth_scale0.90_noddf_v1.5_10yrs                    -2.47  35.3      -0.29  28.4       0.50  58.4       0.70  85.3       0.54  51.6
wfd_depth_scale0.99_noddf_v1.5_10yrs                    -2.49  55.3      -0.29  27.9       0.49  20.5       0.70  83.7       0.54  57.9
bulges_cadence_bs_v1.5_10yrs                            -2.47  27.4      -0.28  16.8       0.51  84.7       0.69  57.9       0.54  61.6
third_obs_pt30v1.5_10yrs                                -2.48  47.9      -0.29  24.2       0.50  59.5       0.70  75.3       0.53  16.8
wfd_depth_scale0.99_v1.5_10yrs                          -2.49  55.8      -0.29  21.6       0.49  29.5       0.69  51.1       0.54  60.0
filterdist_indx5_v1.5_10yrs                             -2.45  11.1      -0.31  47.4       0.46  10.5       0.48   0.5       0.55  66.3
roll_mod2_dust_sdf_0.20_v1.5_10yrs                      -2.46  21.6      -0.23   7.4       0.51  91.1       0.68  16.3       0.52  11.6
baseline_nexp2_scaleddown_v1.6_10yrs                    -2.59  88.4      -0.33  56.3       0.49  22.1       0.69  34.7       0.55  88.9
rolling_fpo_3nslice0.8_v1.6_10yrs                       -2.47  30.0      -0.28  20.0       0.50  71.1       0.70  81.1       0.54  60.5
rolling_fpo_2nslice0.8_v1.6_10yrs                       -2.47  25.8      -0.28  20.5       0.51  91.6       0.69  48.9       0.54  41.6
combo_dust_v1.6_10yrs                                   -2.47  44.7      -0.30  42.1       0.53  96.8       0.71  93.2       0.54  54.7
ss_heavy_v1.6_10yrs                                     -2.40   6.8      -0.34  80.5       0.58 100.0       0.61   2.1       0.56  93.2
rolling_fpo_6nslice0.9_v1.6_10yrs                       -2.47  28.9      -0.30  43.2       0.50  70.5       0.70  73.7       0.55  76.3
baseline_nexp1_v1.6_10yrs                               -2.46  17.9      -0.29  34.7       0.51  88.9       0.69  51.6       0.56  91.1
even_filters_g_v1.6_10yrs                               -2.28   3.2      -0.38  95.8       0.42   1.1       0.70  68.9       0.48   3.2
rolling_fpo_2nslice1.0_v1.6_10yrs                       -2.46  22.1      -0.28  18.9       0.51  88.4       0.69  43.7       0.54  48.9
rolling_fpo_3nslice1.0_v1.6_10yrs                       -2.46  19.5      -0.29  22.1       0.50  72.1       0.70  64.2       0.54  62.6
ddf_heavy_v1.6_10yrs                                    -2.44  10.5      -0.30  45.8       0.52  94.7       0.66   5.3       0.54  55.3
even_filters_altv1.6_10yrs                              -2.41   7.4      -0.29  25.8       0.48  12.1       0.70  74.2       0.49   4.7
rolling_exgal_mod2_dust_sdf_0.80_v1.6_10yrs             -2.48  51.6      -0.29  35.8       0.51  85.3       0.71  87.9       0.54  53.2
combo_dust_nexp2_v1.6_10yrs                             -2.59  90.0      -0.33  75.3       0.51  90.0       0.70  62.1       0.54  59.5
dm_heavy_v1.6_10yrs                                     -2.46  23.7      -0.34  86.8       0.44   5.3       0.69  55.3       0.60  99.5
even_filtersv1.6_10yrs                                  -2.39   6.3      -0.30  43.7       0.47  11.1       0.70  75.8       0.48   3.7
mw_heavy_v1.6_10yrs                                     -2.45  17.4      -0.30  41.1       0.50  77.4       0.70  77.4       0.55  87.9
rolling_fpo_6nslice1.0_v1.6_10yrs                       -2.47  47.4      -0.30  38.4       0.50  64.7       0.70  74.7       0.55  70.0
baseline_nexp2_v1.6_10yrs                               -2.58  78.9      -0.33  70.5       0.50  55.8       0.69  42.1       0.54  52.1
dm_heavy_nexp2_v1.6_10yrs                               -2.58  81.6      -0.36  93.2       0.43   3.2       0.68  15.3       0.59  98.9
rolling_fpo_6nslice0.8_v1.6_10yrs                       -2.47  34.2      -0.30  46.3       0.50  67.4       0.70  65.8       0.55  83.2
rolling_fpo_2nslice0.9_v1.6_10yrs                       -2.46  20.5      -0.29  30.0       0.51  93.2       0.69  47.4       0.54  46.3
mw_heavy_nexp2_v1.6_10yrs                               -2.58  73.2      -0.33  78.4       0.50  61.6       0.69  24.7       0.55  79.5
ss_heavy_nexp2_v1.6_10yrs                               -2.51  57.4      -0.37  95.3       0.56  98.4       0.60   1.6       0.56  90.0
rolling_fpo_3nslice0.9_v1.6_10yrs                       -2.46  21.1      -0.29  25.3       0.50  74.7       0.70  66.3       0.54  64.2
ddf_heavy_nexp2_v1.6_10yrs                              -2.56  63.2      -0.34  84.2       0.50  80.0       0.65   4.7       0.53  22.1
rolling_exgal_mod2_dust_sdf_0.80_nexp2_v1.6_10yrs       -2.59  87.4      -0.33  74.7       0.50  54.2       0.70  68.4       0.53  36.3
barebones_nexp2_v1.6_10yrs                              -2.56  61.6      -0.34  88.4       0.44   5.8       0.74  98.4       0.51   6.8
barebones_v1.6_10yrs                                    -2.45  15.3      -0.27  13.2       0.45   7.9       0.76  99.5       0.50   6.3
even_filters_alt_g_v1.6_10yrs                           -2.30   3.7      -0.36  94.2       0.42   1.6       0.70  80.5       0.47   2.6
rolling_nm_scale0.6_nslice2_v1.7_10yrs                  -2.59  94.2      -0.33  57.9       0.49  37.4       0.69  40.5       0.53  19.5
ddf_dither0.70_v1.7_10yrs                               -2.59  83.7      -0.33  65.8       0.50  51.1       0.69  30.5       0.55  77.4
rolling_scale0.9_nslice3_v1.7_10yrs                     -2.59  86.8      -0.32  51.6       0.50  53.7       0.69  43.2       0.53  27.9
ddf_dither1.00_v1.7_10yrs                               -2.58  69.5      -0.34  88.9       0.49  36.8       0.69  23.7       0.55  82.1
ddf_dither0.05_v1.7_10yrs                               -2.58  79.5      -0.33  73.7       0.49  35.8       0.69  23.2       0.55  85.3
euclid_dither2_v1.7_10yrs                               -2.59  91.6      -0.33  67.4       0.49  41.6       0.69  25.3       0.55  70.5
ddf_dither0.00_v1.7_10yrs                               -2.58  66.8      -0.34  80.0       0.50  65.3       0.68  18.9       0.55  71.1
twi_pairs_mixed_repeat_v1.7_10yrs                       -2.58  70.0      -0.33  72.1       0.48  12.6       0.71  95.3       0.53  16.3
u_long_ms_60_v1.7_10yrs                                 -1.89   0.5      -0.33  57.4       0.51  83.2       0.67  10.0       0.55  75.8
rolling_nm_scale0.9_nslice3_v1.7_10yrs                  -2.58  68.4      -0.33  61.1       0.50  62.6       0.69  47.9       0.53  23.2
rolling_scale0.6_nslice2_v1.7_10yrs                     -2.58  74.2      -0.33  58.9       0.49  45.3       0.69  50.5       0.54  43.7
twi_neo_pattern1_v1.7_10yrs                             -2.54  60.0      -0.35  92.1       0.49  28.4       0.68  19.5       0.55  81.1
cadence_drive_gl30v1.7_10yrs                            -2.51  56.8      -0.38  96.8       0.46   8.4       0.68  20.0       0.55  88.4
twi_neo_pattern4_v1.7_10yrs                             -2.58  72.6      -0.34  86.3       0.49  35.3       0.68  22.6       0.55  74.7
twi_pairs_mixed_v1.7_10yrs                              -2.57  64.2      -0.34  81.6       0.48  14.2       0.71  96.3       0.53  33.2
cadence_drive_gl200v1.7_10yrs                           -2.62  98.9      -0.32  53.2       0.43   3.7       0.66   6.3       0.53  17.9
ddf_dither2.00_v1.7_10yrs                               -2.57  65.3      -0.34  83.2       0.49  34.2       0.69  48.4       0.55  67.9
ddf_dither1.50_v1.7_10yrs                               -2.58  77.4      -0.33  60.5       0.49  26.3       0.69  24.2       0.55  86.3
twi_neo_pattern6_v1.7_10yrs                             -2.58  72.1      -0.33  72.6       0.49  25.3       0.69  34.2       0.55  83.7
rolling_scale0.8_nslice3_v1.7_10yrs                     -2.58  75.3      -0.33  61.6       0.50  64.2       0.69  46.8       0.53  14.7
u_long_ms_40_v1.7_10yrs                                 -2.17   2.1      -0.32  54.7       0.50  78.4       0.68  15.8       0.55  78.9
rolling_nm_scale1.0_nslice3_v1.7_10yrs                  -2.58  75.8      -0.32  49.5       0.50  58.9       0.69  44.2       0.52  10.5
baseline_nexp2_v1.7_10yrs                               -2.59  84.2      -0.33  66.8       0.50  50.5       0.69  29.5       0.55  78.4
rolling_scale0.2_nslice3_v1.7_10yrs                     -2.58  77.9      -0.33  70.0       0.49  32.1       0.69  40.0       0.54  58.4
twi_neo_pattern3_v1.7_10yrs                             -2.58  67.9      -0.33  77.9       0.49  23.2       0.69  26.8       0.55  84.2
rolling_scale0.4_nslice3_v1.7_10yrs                     -2.59  93.7      -0.33  71.1       0.49  41.1       0.69  53.2       0.53  33.7
u_long_ms_30_v1.7_10yrs                                 -2.37   4.2      -0.33  77.4       0.49  44.7       0.69  37.4       0.55  89.5
rolling_nm_scale0.8_nslice3_v1.7_10yrs                  -2.58  82.1      -0.33  60.0       0.50  70.0       0.69  33.2       0.52  12.1
cadence_drive_gl100_gcbv1.7_10yrs                       -2.45  12.1      -0.45  98.4       0.45   7.4       0.68  12.1       0.57  95.3
euclid_dither5_v1.7_10yrs                               -2.58  71.6      -0.33  58.4       0.50  57.9       0.69  35.3       0.55  68.4
rolling_nm_scale0.2_nslice3_v1.7_10yrs                  -2.59  90.5      -0.33  63.7       0.50  55.3       0.70  61.6       0.54  37.4
rolling_scale1.0_nslice3_v1.7_10yrs                     -2.58  73.7      -0.32  51.1       0.50  45.8       0.68  22.1       0.53  22.6
rolling_nm_scale0.4_nslice3_v1.7_10yrs                  -2.58  70.5      -0.33  64.7       0.50  48.9       0.69  41.6       0.53  31.1
footprint_0_v1.710yrs                                   -2.57  64.7      -0.34  89.5       0.51  87.9       0.70  84.7       0.54  63.2
rolling_nm_scale0.2_nslice2_v1.7_10yrs                  -2.58  71.1      -0.33  71.6       0.50  46.3       0.69  38.4       0.55  64.7
rolling_scale1.0_nslice2_v1.7_10yrs                     -2.59  91.1      -0.32  52.1       0.49  38.4       0.69  45.3       0.53  15.8
cadence_drive_gl100v1.7_10yrs                           -2.44   8.9      -0.46  98.9       0.44   4.2       0.68  12.6       0.56  93.7
euclid_dither1_v1.7_10yrs                               -2.59  82.6      -0.33  66.3       0.50  52.1       0.69  30.0       0.55  77.9
footprint_1_v1.710yrs                                   -2.57  65.8      -0.35  92.6       0.49  38.9       0.70  78.4       0.55  68.9
rolling_nm_scale0.4_nslice2_v1.7_10yrs                  -2.58  80.0      -0.33  59.5       0.49  31.1       0.69  42.6       0.54  45.8
rolling_nm_scale0.8_nslice2_v1.7_10yrs                  -2.58  76.8      -0.32  53.7       0.49  28.9       0.69  49.5       0.53  25.3
footprint_3_v1.710yrs                                   -2.58  81.1      -0.34  84.7       0.49  43.2       0.70  63.2       0.55  65.3
footprint_2_v1.710yrs                                   -2.59  94.7      -0.33  69.5       0.49  26.8       0.70  70.5       0.55  67.4
euclid_dither4_v1.7_10yrs                               -2.58  68.9      -0.33  76.3       0.49  32.6       0.69  52.6       0.55  72.1
ddf_dither0.30_v1.7_10yrs                               -2.58  74.7      -0.33  68.9       0.50  61.1       0.68  18.4       0.55  72.6
footprint_7_v1.710yrs                                   -2.59  97.4      -0.34  82.6       0.49  33.7       0.70  70.0       0.55  66.8
rolling_nm_scale1.0_nslice2_v1.7_10yrs                  -2.58  67.4      -0.33  56.8       0.50  66.8       0.69  27.9       0.53  15.3
rolling_scale0.2_nslice2_v1.7_10yrs                     -2.59  85.3      -0.33  74.2       0.49  27.4       0.70  66.8       0.54  56.3
twi_neo_pattern2_v1.7_10yrs                             -2.57  63.7      -0.34  85.8       0.49  21.6       0.69  33.7       0.55  85.8
rolling_scale0.4_nslice2_v1.7_10yrs                     -2.59  89.5      -0.33  62.6       0.49  43.7       0.70  59.5       0.54  45.3
pair_times_55_v1.7_10yrs                                -2.55  61.1      -0.34  83.7       0.51  83.7       0.67   9.5       0.56  94.7
footprint_6_v1.710yrs                                   -2.59  86.3      -0.34  90.0       0.49  19.5       0.70  86.3       0.54  62.1
u_long_ms_50_v1.7_10yrs                                 -2.00   1.6      -0.33  64.2       0.51  82.6       0.68  14.7       0.55  74.2
twi_neo_pattern7_v1.7_10yrs                             -2.57  66.3      -0.33  78.9       0.49  24.2       0.69  35.8       0.55  82.6
rolling_scale0.8_nslice2_v1.7_10yrs                     -2.59  92.1      -0.32  50.5       0.50  50.0       0.69  52.1       0.53  25.8
cadence_drive_gl30_gcbv1.7_10yrs                        -2.52  58.4      -0.38  96.3       0.46   8.9       0.69  27.4       0.56  92.6
footprint_4_v1.710yrs                                   -2.59  88.9      -0.33  76.8       0.49  30.5       0.70  71.6       0.54  44.7
pair_times_44_v1.7_10yrs                                -2.54  60.5      -0.34  79.5       0.50  66.3       0.68  10.5       0.55  84.7
footprint_5_v1.710yrs                                   -2.58  80.5      -0.34  85.3       0.49  42.6       0.70  63.7       0.55  65.8
twi_pairs_repeat_v1.7_10yrs                             -2.59  95.8      -0.32  50.0       0.48  13.7       0.70  80.0       0.54  37.9
twi_neo_pattern5_v1.7_10yrs                             -2.56  62.6      -0.34  81.1       0.50  46.8       0.69  28.4       0.55  71.6
twi_pairs_v1.7_10yrs                                    -2.59  87.9      -0.33  63.2       0.48  14.7       0.71  89.5       0.54  47.9
cadence_drive_gl200_gcbv1.7_10yrs                       -2.61  97.9      -0.33  75.8       0.43   2.1       0.67   7.4       0.53  13.7
pair_times_33_v1.7_10yrs                                -2.56  62.1      -0.34  82.1       0.50  79.5       0.68  16.8       0.55  73.2
rolling_nm_scale0.9_nslice2_v1.7_10yrs                  -2.59  85.8      -0.32  48.9       0.49  40.0       0.69  39.5       0.53  14.2
rolling_scale0.6_nslice3_v1.7_10yrs                     -2.59  92.6      -0.32  55.8       0.50  54.7       0.69  50.0       0.53  31.6
baseline_nexp1_v1.7_10yrs                               -2.47  33.2      -0.30  40.0       0.51  90.5       0.70  67.9       0.55  73.7
pair_times_22_v1.7_10yrs                                -2.59  83.2      -0.33  65.3       0.50  51.6       0.69  31.1       0.55  76.8
pair_times_11_v1.7_10yrs                                -2.59  93.2      -0.33  73.2       0.49  21.1       0.69  38.9       0.54  47.4
footprint_8_v1.710yrs                                   -2.59  96.3      -0.34  90.5       0.50  48.4       0.70  65.3       0.55  69.5
ddf_dither0.10_v1.7_10yrs                               -2.58  76.3      -0.33  62.1       0.49  44.2       0.69  32.6       0.54  63.7
rolling_nm_scale0.6_nslice3_v1.7_10yrs                  -2.58  78.4      -0.33  68.4       0.49  37.9       0.69  45.8       0.53  28.9
rolling_scale0.9_nslice2_v1.7_10yrs                     -2.59  96.8      -0.32  52.6       0.50  68.4       0.69  26.3       0.53  24.2
euclid_dither3_v1.7_10yrs                               -2.59  84.7      -0.33  67.9       0.49  36.3       0.69  25.8       0.55  80.5
baseline_samefilt_v1.5_10yrs                            -2.37   5.3      -0.27  12.6       0.44   6.3       0.73  97.9       0.52   9.5
