dcr_nham1_ugri_v1.5_10yrs                               -1.15  40.0      -0.10  52.6       0.30  47.4       0.45   5.8       0.76  36.8
rolling_mod6_sdf_0.20_v1.5_10yrs                        -1.15  24.7       0.00   0.5       0.31  65.8       0.46   8.9       0.72   5.3
wfd_depth_scale0.95_noddf_v1.5_10yrs                    -1.16  49.5      -0.07  30.5       0.30  34.7       0.49  86.8       0.76  54.2
u60_v1.5_10yrs                                          -1.05   4.7       0.02   5.8       0.35  97.9       0.48  44.7       0.76  35.8
footprint_stuck_rollingv1.5_10yrs                       -1.17  54.7      -0.01   4.2       0.31  56.3       0.48  60.5       0.71   4.2
filterdist_indx4_v1.5_10yrs                             -0.62   1.1      -0.04   8.4       0.34  97.4       0.41   2.6       0.80  95.8
wfd_depth_scale0.70_noddf_v1.5_10yrs                    -1.14  22.6      -0.07  28.4       0.30  33.2       0.49  78.9       0.77  58.9
daily_ddf_v1.5_10yrs                                    -1.15  40.5      -0.06  21.6       0.31  68.9       0.48  46.3       0.76  49.5
alt_roll_mod2_dust_sdf_0.20_v1.5_10yrs                  -1.16  52.6       0.00   2.1       0.32  86.8       0.47  31.6       0.75  13.2
goodseeing_gz_v1.5_10yrs                                -1.15  45.3      -0.05  11.6       0.29  18.4       0.46  11.1       0.81  97.4
filterdist_indx1_v1.5_10yrs                             -0.96   2.6       0.41 100.0       0.33  95.8       0.37   1.1       0.77  81.6
footprint_standard_goalsv1.5_10yrs                      -1.15  38.4      -0.06  23.2       0.31  69.5       0.48  54.7       0.76  42.1
footprint_big_sky_dustv1.5_10yrs                        -1.15  30.5      -0.05  11.1       0.32  94.2       0.49  76.3       0.77  75.3
footprint_bluer_footprintv1.5_10yrs                     -1.47  99.5       0.28  98.9       0.37  98.9       0.53  98.9       0.74  10.0
twilight_neo_mod4_v1.5_10yrs                            -1.16  53.2       0.01   3.7       0.30  24.7       0.48  41.1       0.69   2.1
goodseeing_gi_v1.5_10yrs                                -1.15  26.8      -0.08  43.7       0.29  13.2       0.50  93.7       0.80  96.8
footprint_big_wfdv1.5_10yrs                             -1.14  18.4      -0.07  38.4       0.31  63.2       0.48  71.1       0.76  53.7
dcr_nham2_ugr_v1.5_10yrs                                -1.16  51.1      -0.12  84.7       0.25   4.7       0.46  13.2       0.76  52.6
short_exp_5ns_5expt_v1.5_10yrs                          -1.16  53.7      -0.24  97.4       0.29  17.9       0.50  94.2       0.76  26.3
goodseeing_griz_v1.5_10yrs                              -1.13  12.6      -0.06  24.2       0.31  60.0       0.46  13.7       0.79  94.2
twilight_neo_mod1_v1.5_10yrs                            -1.20  58.9       0.24  97.9       0.29  15.3       0.49  81.6       0.38   0.5
bulges_cadence_bulge_wfd_v1.5_10yrs                     -1.15  25.3      -0.05  13.2       0.31  76.3       0.48  60.0       0.76  57.4
third_obs_pt120v1.5_10yrs                               -1.15  28.4      -0.07  36.3       0.30  25.8       0.49  85.8       0.76  34.2
wfd_depth_scale0.95_v1.5_10yrs                          -1.16  52.1      -0.06  16.3       0.30  40.5       0.48  61.1       0.77  61.1
wfd_depth_scale0.85_noddf_v1.5_10yrs                    -1.15  31.6      -0.07  34.7       0.31  53.2       0.49  83.2       0.76  29.5
footprint_no_gp_northv1.5_10yrs                         -1.15  33.7      -0.07  32.1       0.31  67.9       0.48  53.7       0.76  28.4
footprint_big_skyv1.5_10yrs                             -1.14  14.7      -0.04   7.4       0.33  96.3       0.49  88.9       0.78  87.4
footprint_newBv1.5_10yrs                                -1.14  16.8      -0.05  14.7       0.32  92.1       0.49  88.4       0.75  18.4
baseline_2snaps_v1.5_10yrs                              -1.27  95.3      -0.10  51.6       0.29  17.4       0.47  36.3       0.75  18.9
footprint_big_sky_nouiyv1.5_10yrs                       -1.14  15.8      -0.04   7.9       0.33  95.3       0.50  95.8       0.78  90.5
twilight_neo_mod3_v1.5_10yrs                            -1.16  54.2       0.03   6.3       0.29  15.8       0.47  21.6       0.66   1.6
greedy_footprint_v1.5_10yrs                             -1.15  42.6      -0.03   6.8       0.30  22.6       0.48  58.9       0.75  12.6
wfd_depth_scale0.90_v1.5_10yrs                          -1.14  23.2      -0.07  37.4       0.30  47.9       0.48  64.7       0.76  30.0
dcr_nham1_ug_v1.5_10yrs                                 -1.13  13.7      -0.16  95.3       0.30  23.7       0.49  90.5       0.76  32.6
rolling_mod2_sdf_0.10_v1.5_10yrs                        -1.15  43.7      -0.02   5.3       0.32  84.2       0.47  17.9       0.74   8.4
footprint_newAv1.5_10yrs                                -1.15  26.3      -0.07  27.9       0.31  81.1       0.50  94.7       0.76  40.5
rolling_mod3_sdf_0.10_v1.5_10yrs                        -1.15  34.7      -0.00   1.6       0.32  82.1       0.46  11.6       0.74   7.9
var_expt_v1.5_10yrs                                     -1.30  98.4      -0.12  89.5       0.24   2.6       0.46   7.9       0.87 100.0
bulges_i_heavy_v1.5_10yrs                               -1.15  29.5      -0.05  14.2       0.31  77.9       0.49  76.8       0.76  56.8
wfd_depth_scale0.75_v1.5_10yrs                          -1.13  13.2      -0.07  39.5       0.32  89.5       0.47  36.8       0.76  38.4
dcr_nham2_ug_v1.5_10yrs                                 -1.12   7.9      -0.22  95.8       0.28  11.6       0.49  91.6       0.75  23.7
filterdist_indx3_v1.5_10yrs                             -1.52 100.0       0.35  99.5       0.38  99.5       0.43   3.7       0.78  86.8
goodseeing_i_v1.5_10yrs                                 -1.16  46.3      -0.12  88.9       0.27   9.5       0.52  97.4       0.81  98.4
short_exp_2ns_5expt_v1.5_10yrs                          -1.20  57.9      -0.15  92.6       0.30  31.6       0.49  87.4       0.76  41.1
footprint_add_mag_cloudsv1.5_10yrs                      -1.15  37.4      -0.07  30.0       0.31  57.4       0.48  67.4       0.76  51.1
filterdist_indx6_v1.5_10yrs                             -1.16  46.8      -0.07  41.6       0.11   0.5       0.67 100.0       0.80  96.3
agnddf_v1.5_10yrs                                       -1.15  32.6      -0.07  34.2       0.30  49.5       0.50  92.6       0.76  32.1
wfd_depth_scale0.70_v1.5_10yrs                          -1.13  10.0      -0.06  15.3       0.32  87.4       0.47  28.9       0.76  24.7
alt_dust_v1.5_10yrs                                     -1.16  50.0      -0.05  12.1       0.31  78.9       0.48  72.1       0.76  30.5
baseline_v1.5_10yrs                                     -1.15  38.9      -0.06  26.3       0.31  75.3       0.48  73.2       0.75  21.6
filterdist_indx7_v1.5_10yrs                             -1.07   5.8       0.12  87.9       0.32  93.7       0.46   8.4       0.78  92.1
wfd_depth_scale0.65_v1.5_10yrs                          -1.12   8.4      -0.06  17.9       0.32  92.6       0.47  21.1       0.75  20.5
descddf_v1.5_10yrs                                      -1.15  31.1      -0.06  20.0       0.30  42.1       0.49  91.1       0.75  20.0
bulges_bs_v1.5_10yrs                                    -1.15  27.9      -0.05  12.6       0.31  81.6       0.48  58.4       0.76  42.6
filterdist_indx2_v1.5_10yrs                             -1.15  32.1      -0.07  35.8       0.30  20.0       0.49  90.0       0.77  80.0
short_exp_5ns_1expt_v1.5_10yrs                          -1.16  48.9      -0.24  98.4       0.29  16.3       0.50  96.8       0.76  46.8
wfd_depth_scale0.80_noddf_v1.5_10yrs                    -1.14  20.0      -0.07  33.2       0.31  73.7       0.49  77.9       0.76  55.8
wfd_depth_scale0.85_v1.5_10yrs                          -1.14  18.9      -0.07  33.7       0.31  74.2       0.48  57.4       0.76  26.8
dcr_nham2_ugri_v1.5_10yrs                               -1.15  41.6      -0.12  85.3       0.31  56.8       0.42   3.2       0.75  11.1
third_obs_pt45v1.5_10yrs                                -1.16  48.4      -0.06  20.5       0.30  30.0       0.49  82.6       0.75  17.4
wfd_depth_scale0.65_noddf_v1.5_10yrs                    -1.14  14.2      -0.07  27.4       0.31  72.6       0.48  69.5       0.76  34.7
wfd_depth_scale0.80_v1.5_10yrs                          -1.13   9.5      -0.07  42.1       0.31  76.8       0.48  55.8       0.76  27.4
bulges_cadence_i_heavy_v1.5_10yrs                       -1.15  43.2      -0.05  10.5       0.32  85.8       0.47  37.9       0.76  44.2
filterdist_indx8_v1.5_10yrs                             -1.15  24.2      -0.09  45.3       0.25   6.8       0.43   4.2       0.78  91.6
rolling_mod6_sdf_0.10_v1.5_10yrs                        -1.15  45.8      -0.00   1.1       0.31  71.6       0.45   6.8       0.73   5.8
footprint_gp_smoothv1.5_10yrs                           -1.15  42.1      -0.06  19.5       0.31  60.5       0.48  54.2       0.76  39.5
twilight_neo_mod2_v1.5_10yrs                            -1.18  56.3       0.08  44.2       0.30  18.9       0.47  32.1       0.60   1.1
third_obs_pt15v1.5_10yrs                                -1.15  39.5      -0.06  25.8       0.31  75.8       0.48  72.6       0.75  21.1
bulges_bulge_wfd_v1.5_10yrs                             -1.15  41.1      -0.05   8.9       0.31  73.2       0.48  62.6       0.76  48.4
goodseeing_gri_v1.5_10yrs                               -1.13  11.6      -0.06  23.7       0.29  16.8       0.48  56.3       0.81  97.9
rolling_mod3_sdf_0.20_v1.5_10yrs                        -1.15  35.8      -0.01   3.2       0.32  86.3       0.46  14.2       0.74   7.4
short_exp_2ns_1expt_v1.5_10yrs                          -1.22  59.5      -0.14  91.6       0.30  27.9       0.50  92.1       0.76  38.9
spiders_v1.5_10yrs                                      -1.15  36.3      -0.07  29.5       0.31  62.1       0.48  56.8       0.76  50.5
third_obs_pt90v1.5_10yrs                                -1.15  44.2      -0.07  28.9       0.30  39.5       0.49  84.2       0.76  43.2
dcr_nham1_ugr_v1.5_10yrs                                -1.16  50.5      -0.09  45.8       0.27  10.0       0.47  20.5       0.76  35.3
wfd_depth_scale0.75_noddf_v1.5_10yrs                    -1.14  16.3      -0.07  41.1       0.31  63.7       0.49  79.5       0.76  40.0
third_obs_pt60v1.5_10yrs                                -1.15  37.9      -0.07  31.1       0.30  52.6       0.49  82.1       0.76  50.0
rolling_mod2_sdf_0.20_v1.5_10yrs                        -1.15  36.8      -0.01   4.7       0.31  80.5       0.47  17.4       0.74   8.9
wfd_depth_scale0.90_noddf_v1.5_10yrs                    -1.15  35.3      -0.06  25.3       0.31  58.4       0.49  85.3       0.76  51.6
wfd_depth_scale0.99_noddf_v1.5_10yrs                    -1.17  55.3      -0.06  24.7       0.30  20.5       0.49  83.7       0.77  57.9
bulges_cadence_bs_v1.5_10yrs                            -1.15  27.4      -0.05  13.7       0.32  84.7       0.48  57.9       0.77  61.6
third_obs_pt30v1.5_10yrs                                -1.16  47.9      -0.06  21.1       0.31  59.5       0.49  75.3       0.75  16.8
wfd_depth_scale0.99_v1.5_10yrs                          -1.17  55.8      -0.06  18.4       0.30  29.5       0.48  51.1       0.77  60.0
filterdist_indx5_v1.5_10yrs                             -1.13  11.1      -0.09  44.7       0.27  10.5       0.27   0.5       0.77  66.3
roll_mod2_dust_sdf_0.20_v1.5_10yrs                      -1.14  21.6      -0.01   2.6       0.32  91.1       0.47  16.3       0.75  11.6
baseline_nexp2_scaleddown_v1.6_10yrs                    -1.27  88.4      -0.10  53.7       0.30  22.1       0.47  34.7       0.78  88.9
rolling_fpo_3nslice0.8_v1.6_10yrs                       -1.15  30.0      -0.06  16.8       0.31  71.1       0.49  81.1       0.77  60.5
rolling_fpo_2nslice0.8_v1.6_10yrs                       -1.15  25.8      -0.06  17.4       0.32  91.6       0.48  48.9       0.76  41.6
combo_dust_v1.6_10yrs                                   -1.15  44.7      -0.07  38.9       0.33  96.8       0.50  93.2       0.76  54.7
ss_heavy_v1.6_10yrs                                     -1.08   6.8      -0.11  77.9       0.39 100.0       0.40   2.1       0.78  93.2
rolling_fpo_6nslice0.9_v1.6_10yrs                       -1.15  28.9      -0.07  40.0       0.31  70.5       0.48  73.7       0.77  76.3
baseline_nexp1_v1.6_10yrs                               -1.14  17.9      -0.07  31.6       0.32  88.9       0.48  51.6       0.78  91.1
even_filters_g_v1.6_10yrs                               -0.96   3.2      -0.15  93.7       0.23   1.1       0.48  68.9       0.70   3.2
rolling_fpo_2nslice1.0_v1.6_10yrs                       -1.14  22.1      -0.06  15.8       0.32  88.4       0.48  43.7       0.76  48.9
rolling_fpo_3nslice1.0_v1.6_10yrs                       -1.14  19.5      -0.06  18.9       0.31  72.1       0.48  64.2       0.77  62.6
ddf_heavy_v1.6_10yrs                                    -1.13  10.5      -0.08  42.6       0.33  94.7       0.44   5.3       0.76  55.3
even_filters_altv1.6_10yrs                              -1.09   7.4      -0.06  22.6       0.28  12.1       0.48  74.2       0.71   4.7
rolling_exgal_mod2_dust_sdf_0.80_v1.6_10yrs             -1.16  51.6      -0.07  32.6       0.32  85.3       0.49  87.9       0.76  53.2
combo_dust_nexp2_v1.6_10yrs                             -1.27  90.0      -0.11  72.6       0.32  90.0       0.48  62.1       0.77  59.5
dm_heavy_v1.6_10yrs                                     -1.14  23.7      -0.11  84.2       0.25   5.3       0.48  55.3       0.82  99.5
even_filtersv1.6_10yrs                                  -1.08   6.3      -0.07  40.5       0.28  11.1       0.49  75.8       0.71   3.7
mw_heavy_v1.6_10yrs                                     -1.14  17.4      -0.07  37.9       0.31  77.4       0.49  77.4       0.78  87.9
rolling_fpo_6nslice1.0_v1.6_10yrs                       -1.16  47.4      -0.07  35.3       0.31  64.7       0.49  74.7       0.77  70.0
baseline_nexp2_v1.6_10yrs                               -1.26  78.9      -0.11  67.9       0.31  55.8       0.48  42.1       0.76  52.1
dm_heavy_nexp2_v1.6_10yrs                               -1.27  81.6      -0.14  91.1       0.24   3.2       0.46  15.3       0.81  98.9
rolling_fpo_6nslice0.8_v1.6_10yrs                       -1.15  34.2      -0.08  43.2       0.31  67.4       0.48  65.8       0.77  83.2
rolling_fpo_2nslice0.9_v1.6_10yrs                       -1.14  20.5      -0.07  26.8       0.32  93.2       0.48  47.4       0.76  46.3
mw_heavy_nexp2_v1.6_10yrs                               -1.26  73.2      -0.11  75.8       0.31  61.6       0.47  24.7       0.77  79.5
ss_heavy_nexp2_v1.6_10yrs                               -1.19  57.4      -0.15  93.2       0.37  98.4       0.39   1.6       0.78  90.0
rolling_fpo_3nslice0.9_v1.6_10yrs                       -1.14  21.1      -0.06  22.1       0.31  74.7       0.48  66.3       0.77  64.2
ddf_heavy_nexp2_v1.6_10yrs                              -1.25  63.2      -0.11  81.6       0.31  80.0       0.44   4.7       0.75  22.1
rolling_exgal_mod2_dust_sdf_0.80_nexp2_v1.6_10yrs       -1.27  87.4      -0.11  72.1       0.31  54.2       0.48  68.4       0.76  36.3
barebones_nexp2_v1.6_10yrs                              -1.24  61.6      -0.12  85.8       0.25   5.8       0.53  98.4       0.74   6.8
barebones_v1.6_10yrs                                    -1.14  15.3      -0.05  10.0       0.26   7.9       0.54  99.5       0.73   6.3
even_filters_alt_g_v1.6_10yrs                           -0.99   3.7      -0.14  92.1       0.23   1.6       0.49  80.5       0.70   2.6
rolling_nm_scale0.6_nslice2_v1.7_10yrs                  -1.27  94.2      -0.10  55.3       0.30  37.4       0.48  40.5       0.75  19.5
ddf_dither0.70_v1.7_10yrs                               -1.27  83.7      -0.11  64.2       0.30  51.1       0.47  30.5       0.77  77.4
rolling_scale0.9_nslice3_v1.7_10yrs                     -1.27  86.8      -0.10  48.9       0.31  53.7       0.48  43.2       0.76  27.9
ddf_dither1.00_v1.7_10yrs                               -1.26  69.5      -0.12  86.3       0.30  36.8       0.47  23.7       0.77  82.1
ddf_dither0.05_v1.7_10yrs                               -1.27  79.5      -0.11  71.1       0.30  35.8       0.47  23.2       0.78  85.3
euclid_dither2_v1.7_10yrs                               -1.27  91.6      -0.11  64.7       0.30  41.6       0.47  25.3       0.77  70.5
ddf_dither0.00_v1.7_10yrs                               -1.26  66.8      -0.11  77.4       0.31  65.3       0.47  18.9       0.77  71.1
twi_pairs_mixed_repeat_v1.7_10yrs                       -1.26  70.0      -0.11  69.5       0.29  12.6       0.50  95.3       0.75  16.3
u_long_ms_60_v1.7_10yrs                                 -0.57   0.5      -0.10  54.7       0.32  83.2       0.46  10.0       0.77  75.8
rolling_nm_scale0.9_nslice3_v1.7_10yrs                  -1.26  68.4      -0.10  58.4       0.31  62.6       0.48  47.9       0.75  23.2
rolling_scale0.6_nslice2_v1.7_10yrs                     -1.26  74.2      -0.10  56.3       0.30  45.3       0.48  50.5       0.76  43.7
twi_neo_pattern1_v1.7_10yrs                             -1.22  60.0      -0.12  90.0       0.30  28.4       0.47  19.5       0.77  81.1
cadence_drive_gl30v1.7_10yrs                            -1.19  56.8      -0.16  94.7       0.27   8.4       0.47  20.0       0.78  88.4
twi_neo_pattern4_v1.7_10yrs                             -1.26  72.6      -0.11  83.7       0.30  35.3       0.47  22.6       0.77  74.7
twi_pairs_mixed_v1.7_10yrs                              -1.26  64.2      -0.11  78.9       0.29  14.2       0.50  96.3       0.76  33.2
cadence_drive_gl200v1.7_10yrs                           -1.31  98.9      -0.10  50.5       0.24   3.7       0.45   6.3       0.75  17.9
ddf_dither2.00_v1.7_10yrs                               -1.26  65.3      -0.11  80.5       0.30  34.2       0.48  48.4       0.77  67.9
ddf_dither1.50_v1.7_10yrs                               -1.26  77.4      -0.10  57.9       0.30  26.3       0.47  24.2       0.78  86.3
twi_neo_pattern6_v1.7_10yrs                             -1.26  72.1      -0.11  70.0       0.30  25.3       0.47  34.2       0.77  83.7
rolling_scale0.8_nslice3_v1.7_10yrs                     -1.26  75.3      -0.10  58.9       0.31  64.2       0.48  46.8       0.75  14.7
u_long_ms_40_v1.7_10yrs                                 -0.85   2.1      -0.10  52.1       0.31  78.4       0.46  15.8       0.77  78.9
rolling_nm_scale1.0_nslice3_v1.7_10yrs                  -1.26  75.8      -0.09  46.8       0.31  58.9       0.48  44.2       0.75  10.5
baseline_nexp2_v1.7_10yrs                               -1.27  84.2      -0.11  63.2       0.30  50.5       0.47  29.5       0.77  78.4
rolling_scale0.2_nslice3_v1.7_10yrs                     -1.26  77.9      -0.11  67.4       0.30  32.1       0.48  40.0       0.77  58.4
twi_neo_pattern3_v1.7_10yrs                             -1.26  67.9      -0.11  75.3       0.30  23.2       0.47  26.8       0.77  84.2
rolling_scale0.4_nslice3_v1.7_10yrs                     -1.27  93.7      -0.11  68.4       0.30  41.1       0.48  53.2       0.76  33.7
u_long_ms_30_v1.7_10yrs                                 -1.05   4.2      -0.11  74.7       0.30  44.7       0.47  37.4       0.78  89.5
rolling_nm_scale0.8_nslice3_v1.7_10yrs                  -1.27  82.1      -0.10  57.4       0.31  70.0       0.47  33.2       0.75  12.1
cadence_drive_gl100_gcbv1.7_10yrs                       -1.13  12.1      -0.23  96.3       0.25   7.4       0.46  12.1       0.79  95.3
euclid_dither5_v1.7_10yrs                               -1.26  71.6      -0.10  55.8       0.31  57.9       0.47  35.3       0.77  68.4
rolling_nm_scale0.2_nslice3_v1.7_10yrs                  -1.27  90.5      -0.10  61.1       0.31  55.3       0.48  61.6       0.76  37.4
rolling_scale1.0_nslice3_v1.7_10yrs                     -1.26  73.7      -0.10  48.4       0.30  45.8       0.47  22.1       0.75  22.6
rolling_nm_scale0.4_nslice3_v1.7_10yrs                  -1.26  70.5      -0.11  62.1       0.30  48.9       0.48  41.6       0.76  31.1
footprint_0_v1.710yrs                                   -1.26  64.7      -0.12  86.8       0.32  87.9       0.49  84.7       0.77  63.2
rolling_nm_scale0.2_nslice2_v1.7_10yrs                  -1.26  71.1      -0.11  68.9       0.30  46.3       0.47  38.4       0.77  64.7
rolling_scale1.0_nslice2_v1.7_10yrs                     -1.27  91.1      -0.10  49.5       0.30  38.4       0.48  45.3       0.75  15.8
cadence_drive_gl100v1.7_10yrs                           -1.12   8.9      -0.24  96.8       0.25   4.2       0.46  12.6       0.79  93.7
euclid_dither1_v1.7_10yrs                               -1.27  82.6      -0.11  62.6       0.30  52.1       0.47  30.0       0.77  77.9
footprint_1_v1.710yrs                                   -1.26  65.8      -0.13  90.5       0.30  38.9       0.49  78.4       0.77  68.9
rolling_nm_scale0.4_nslice2_v1.7_10yrs                  -1.27  80.0      -0.10  56.8       0.30  31.1       0.48  42.6       0.76  45.8
rolling_nm_scale0.8_nslice2_v1.7_10yrs                  -1.26  76.8      -0.10  51.1       0.30  28.9       0.48  49.5       0.76  25.3
footprint_3_v1.710yrs                                   -1.27  81.1      -0.11  82.1       0.30  43.2       0.48  63.2       0.77  65.3
footprint_2_v1.710yrs                                   -1.27  94.7      -0.11  66.8       0.30  26.8       0.48  70.5       0.77  67.4
euclid_dither4_v1.7_10yrs                               -1.26  68.9      -0.11  73.7       0.30  32.6       0.48  52.6       0.77  72.1
ddf_dither0.30_v1.7_10yrs                               -1.26  74.7      -0.11  66.3       0.31  61.1       0.47  18.4       0.77  72.6
footprint_7_v1.710yrs                                   -1.28  97.4      -0.11  80.0       0.30  33.7       0.48  70.0       0.77  66.8
rolling_nm_scale1.0_nslice2_v1.7_10yrs                  -1.26  67.4      -0.10  54.2       0.31  66.8       0.47  27.9       0.75  15.3
rolling_scale0.2_nslice2_v1.7_10yrs                     -1.27  85.3      -0.11  71.6       0.30  27.4       0.48  66.8       0.76  56.3
twi_neo_pattern2_v1.7_10yrs                             -1.25  63.7      -0.11  83.2       0.30  21.6       0.47  33.7       0.78  85.8
rolling_scale0.4_nslice2_v1.7_10yrs                     -1.27  89.5      -0.10  60.0       0.30  43.7       0.48  59.5       0.76  45.3
pair_times_55_v1.7_10yrs                                -1.23  61.1      -0.11  81.1       0.32  83.7       0.46   9.5       0.79  94.7
footprint_6_v1.710yrs                                   -1.27  86.3      -0.12  87.4       0.30  19.5       0.49  86.3       0.77  62.1
u_long_ms_50_v1.7_10yrs                                 -0.69   1.6      -0.11  61.6       0.32  82.6       0.46  14.7       0.77  74.2
twi_neo_pattern7_v1.7_10yrs                             -1.26  66.3      -0.11  76.3       0.30  24.2       0.47  35.8       0.77  82.6
rolling_scale0.8_nslice2_v1.7_10yrs                     -1.27  92.1      -0.10  47.9       0.30  50.0       0.48  52.1       0.76  25.8
cadence_drive_gl30_gcbv1.7_10yrs                        -1.20  58.4      -0.15  94.2       0.27   8.9       0.47  27.4       0.78  92.6
footprint_4_v1.710yrs                                   -1.27  88.9      -0.11  74.2       0.30  30.5       0.48  71.6       0.76  44.7
pair_times_44_v1.7_10yrs                                -1.23  60.5      -0.11  76.8       0.31  66.3       0.46  10.5       0.77  84.7
footprint_5_v1.710yrs                                   -1.27  80.5      -0.11  82.6       0.30  42.6       0.48  63.7       0.77  65.8
twi_pairs_repeat_v1.7_10yrs                             -1.27  95.8      -0.09  47.4       0.29  13.7       0.49  80.0       0.76  37.9
twi_neo_pattern5_v1.7_10yrs                             -1.25  62.6      -0.11  78.4       0.30  46.8       0.47  28.4       0.77  71.6
twi_pairs_v1.7_10yrs                                    -1.27  87.9      -0.10  60.5       0.29  14.7       0.49  89.5       0.76  47.9
cadence_drive_gl200_gcbv1.7_10yrs                       -1.29  97.9      -0.11  73.2       0.24   2.1       0.45   7.4       0.75  13.7
pair_times_33_v1.7_10yrs                                -1.24  62.1      -0.11  79.5       0.31  79.5       0.47  16.8       0.77  73.2
rolling_nm_scale0.9_nslice2_v1.7_10yrs                  -1.27  85.8      -0.09  46.3       0.30  40.0       0.47  39.5       0.75  14.2
rolling_scale0.6_nslice3_v1.7_10yrs                     -1.27  92.6      -0.10  53.2       0.31  54.7       0.48  50.0       0.76  31.6
baseline_nexp1_v1.7_10yrs                               -1.15  33.2      -0.07  36.8       0.32  90.5       0.48  67.9       0.77  73.7
pair_times_22_v1.7_10yrs                                -1.27  83.2      -0.11  63.7       0.30  51.6       0.47  31.1       0.77  76.8
pair_times_11_v1.7_10yrs                                -1.27  93.2      -0.11  70.5       0.30  21.1       0.47  38.9       0.76  47.4
footprint_8_v1.710yrs                                   -1.27  96.3      -0.12  88.4       0.30  48.4       0.48  65.3       0.77  69.5
ddf_dither0.10_v1.7_10yrs                               -1.26  76.3      -0.10  59.5       0.30  44.2       0.47  32.6       0.77  63.7
rolling_nm_scale0.6_nslice3_v1.7_10yrs                  -1.26  78.4      -0.11  65.8       0.30  37.9       0.48  45.8       0.76  28.9
rolling_scale0.9_nslice2_v1.7_10yrs                     -1.28  96.8      -0.10  50.0       0.31  68.4       0.47  26.3       0.75  24.2
euclid_dither3_v1.7_10yrs                               -1.27  84.7      -0.11  65.3       0.30  36.3       0.47  25.8       0.77  80.5
baseline_samefilt_v1.5_10yrs                            -1.05   5.3      -0.05   9.5       0.25   6.3       0.52  97.9       0.74   9.5
