dcr_nham1_ugri_v1.5_10yrs                                6.25  91.1       1.94  92.6       4.30  82.1       5.38  88.9       6.45  47.4
rolling_mod6_sdf_0.20_v1.5_10yrs                         3.10  10.0       2.04  93.2       3.78  56.8       4.32  12.1      11.73  99.5
wfd_depth_scale0.95_noddf_v1.5_10yrs                     3.13  11.6       1.17  46.8       3.16   9.5       4.57  38.9       5.84  21.1
u60_v1.5_10yrs                                           3.19  14.2       1.13  42.6       4.03  72.6       4.69  52.6       6.38  43.2
footprint_stuck_rollingv1.5_10yrs                        2.87   5.8       1.29  64.7       4.25  80.5       3.89   2.6       5.59  13.2
filterdist_indx4_v1.5_10yrs                              7.73  95.3       2.95  96.8       4.90  89.5       4.09   3.2       6.28  40.0
wfd_depth_scale0.70_noddf_v1.5_10yrs                     3.42  23.7       1.40  76.8       3.45  19.5       4.82  64.2       6.43  44.7
daily_ddf_v1.5_10yrs                                     3.19  14.7       1.35  71.6       4.07  74.7       4.80  62.6       6.89  63.2
alt_roll_mod2_dust_sdf_0.20_v1.5_10yrs                   3.62  30.0       1.78  87.9       4.65  86.3       4.89  69.5       8.77  94.2
goodseeing_gz_v1.5_10yrs                                 3.63  30.5       1.21  53.7       3.74  52.1       4.69  50.5       6.24  37.4
filterdist_indx1_v1.5_10yrs                              0.84   1.6       4.07  98.4       5.16  92.1       3.67   1.6       6.63  53.7
footprint_standard_goalsv1.5_10yrs                       3.21  16.3       1.26  58.9       3.59  38.4       4.74  57.9       6.19  34.7
footprint_big_sky_dustv1.5_10yrs                         3.85  42.1       1.48  81.1       3.60  38.9       4.77  60.5       6.56  51.1
footprint_bluer_footprintv1.5_10yrs                      0.08   1.1       1.46  80.0       4.69  87.4       7.82  97.4       8.05  88.4
twilight_neo_mod4_v1.5_10yrs                             2.91   6.8       1.63  85.3       5.27  94.7       6.61  95.8       6.47  49.5
goodseeing_gi_v1.5_10yrs                                 3.24  16.8       1.27  59.5       3.72  51.1       4.62  42.1       6.63  54.2
footprint_big_wfdv1.5_10yrs                              4.17  62.1       1.58  83.2       4.01  71.1       5.11  85.3       7.33  73.7
dcr_nham2_ugr_v1.5_10yrs                                 7.88  95.8       2.79  96.3       4.83  88.9       4.67  48.9       6.26  38.4
short_exp_5ns_5expt_v1.5_10yrs                           6.82  92.6       0.89  12.1       3.55  34.2       5.08  84.2       6.64  54.7
goodseeing_griz_v1.5_10yrs                               3.43  24.7       1.30  65.3       3.58  36.8       4.89  68.9       5.96  26.3
twilight_neo_mod1_v1.5_10yrs                             1.57   2.1       2.68  95.8       6.95  98.4       9.87  99.5       8.92  95.3
bulges_cadence_bulge_wfd_v1.5_10yrs                      3.65  32.1       1.41  77.4       4.22  80.0       5.01  81.6       6.86  62.6
third_obs_pt120v1.5_10yrs                                2.78   4.7       1.89  91.6       4.69  86.8       5.42  89.5       8.06  88.9
wfd_depth_scale0.95_v1.5_10yrs                           3.47  26.3       1.17  47.4       3.44  17.4       4.61  41.6       6.09  32.6
wfd_depth_scale0.85_noddf_v1.5_10yrs                     3.42  24.2       1.26  58.4       3.45  20.5       4.69  51.1       6.03  31.1
footprint_no_gp_northv1.5_10yrs                          3.18  13.7       1.22  54.2       3.64  45.3       4.68  49.5       6.17  33.2
footprint_big_skyv1.5_10yrs                              3.16  12.6       1.12  42.1       3.30  13.7       4.58  39.5       5.46  11.1
footprint_newBv1.5_10yrs                                 4.22  64.2       1.84  90.5       4.06  74.2       5.24  88.4       7.45  75.3
baseline_2snaps_v1.5_10yrs                               3.55  27.4       1.26  57.9       3.92  65.3       4.86  67.4       6.72  57.4
footprint_big_sky_nouiyv1.5_10yrs                        3.45  25.3       1.04  34.2       3.01   5.8       4.43  24.7       5.48  12.1
twilight_neo_mod3_v1.5_10yrs                             2.56   4.2       1.71  86.8       5.52  95.3       7.23  96.3       6.63  53.2
greedy_footprint_v1.5_10yrs                              3.20  15.3       1.42  78.4       3.77  55.8       5.06  83.7       5.04   2.1
wfd_depth_scale0.90_v1.5_10yrs                           3.17  13.2       1.25  56.8       3.58  37.4       4.63  45.8       6.18  33.7
dcr_nham1_ug_v1.5_10yrs                                  6.83  93.2       3.22  97.4       3.56  35.3       4.70  54.2       6.54  50.5
rolling_mod2_sdf_0.10_v1.5_10yrs                         2.94   7.4       1.54  81.6       3.44  17.9       4.38  15.8       7.44  74.7
footprint_newAv1.5_10yrs                                 4.46  72.1       1.82  90.0       4.22  78.9       5.43  90.0       8.10  90.0
rolling_mod3_sdf_0.10_v1.5_10yrs                         3.12  10.5       1.58  83.7       3.50  26.8       4.34  14.7       8.59  93.7
var_expt_v1.5_10yrs                                      3.49  26.8       1.58  82.1       3.96  66.8       5.71  91.6       7.11  69.5
bulges_i_heavy_v1.5_10yrs                                3.57  28.4       1.38  75.3       4.10  75.8       4.91  71.6       6.91  65.3
wfd_depth_scale0.75_v1.5_10yrs                           3.81  40.5       1.34  71.1       3.70  48.9       4.84  66.8       6.71  56.8
dcr_nham2_ug_v1.5_10yrs                                  9.68  97.4       3.40  97.9       3.72  50.5       4.68  50.0       6.72  58.4
filterdist_indx3_v1.5_10yrs                              0.00   0.5       1.39  75.8       4.34  83.2       4.95  76.3       6.27  39.5
goodseeing_i_v1.5_10yrs                                  3.06   9.5       1.35  72.1       3.93  65.8       4.62  42.6       6.79  59.5
short_exp_2ns_5expt_v1.5_10yrs                           4.24  64.7       0.97  26.8       3.49  24.7       4.92  72.6       6.33  41.6
footprint_add_mag_cloudsv1.5_10yrs                       3.33  18.9       1.28  61.6       3.63  44.2       4.78  61.6       6.18  34.2
filterdist_indx6_v1.5_10yrs                              1.65   2.6       1.72  87.4       1.87   0.5       7.32  96.8       7.45  75.8
agnddf_v1.5_10yrs                                        3.79  38.9       1.18  47.9       3.61  41.6       4.63  44.2       7.13  70.0
wfd_depth_scale0.70_v1.5_10yrs                           3.78  38.4       1.45  79.5       3.76  54.7       4.91  71.1       6.85  61.6
alt_dust_v1.5_10yrs                                      4.16  61.1       1.41  77.9       4.53  84.2       5.16  86.3       7.43  74.2
baseline_v1.5_10yrs                                      3.34  20.5       1.24  55.3       3.66  46.3       4.69  51.6       6.43  45.3
filterdist_indx7_v1.5_10yrs                              2.43   3.7       1.80  88.4       3.53  33.2       4.32  12.6       6.01  30.0
wfd_depth_scale0.65_v1.5_10yrs                           3.89  44.7       1.44  78.9       3.78  56.3       4.94  75.3       6.75  58.9
descddf_v1.5_10yrs                                       3.02   8.9       1.33  70.0       3.49  25.3       4.95  77.4       6.26  37.9
bulges_bs_v1.5_10yrs                                     3.58  29.5       1.33  68.9       4.16  77.9       4.91  72.1       6.67  56.3
filterdist_indx2_v1.5_10yrs                              3.47  25.8       1.21  52.6       2.83   4.7       4.50  32.6       5.71  14.2
short_exp_5ns_1expt_v1.5_10yrs                           6.61  92.1       0.85   6.3       3.45  20.0       4.94  75.8       6.31  41.1
wfd_depth_scale0.80_noddf_v1.5_10yrs                     3.57  28.9       1.30  66.3       3.48  24.2       4.74  58.4       6.22  36.3
wfd_depth_scale0.85_v1.5_10yrs                           3.41  23.2       1.33  70.5       3.69  48.4       4.76  58.9       6.46  48.9
dcr_nham2_ugri_v1.5_10yrs                                8.33  96.8       2.48  94.7       4.74  88.4       5.49  91.1       6.44  46.8
third_obs_pt45v1.5_10yrs                                 3.34  19.5       1.28  63.2       3.74  52.6       4.72  56.8       6.66  55.3
wfd_depth_scale0.65_noddf_v1.5_10yrs                     3.77  37.4       1.39  76.3       3.44  18.9       4.90  70.5       6.46  47.9
wfd_depth_scale0.80_v1.5_10yrs                           3.75  35.3       1.35  72.6       3.71  50.0       4.82  64.7       6.41  44.2
bulges_cadence_i_heavy_v1.5_10yrs                        3.72  34.7       1.37  73.7       4.13  76.8       5.03  82.1       6.81  60.5
filterdist_indx8_v1.5_10yrs                              2.94   7.9       1.30  65.8       2.61   2.6       4.13   3.7       5.14   3.7
rolling_mod6_sdf_0.10_v1.5_10yrs                         2.83   5.3       1.82  89.5       3.75  53.2       4.24   8.9      10.55  97.4
footprint_gp_smoothv1.5_10yrs                            3.39  22.1       1.25  56.3       3.67  47.4       4.83  66.3       6.46  48.4
twilight_neo_mod2_v1.5_10yrs                             2.33   3.2       1.91  92.1       6.10  96.3       7.84  97.9       6.72  57.9
third_obs_pt15v1.5_10yrs                                 3.34  20.0       1.24  55.8       3.66  46.8       4.69  52.1       6.43  45.8
bulges_bulge_wfd_v1.5_10yrs                              3.76  36.8       1.36  73.2       4.14  77.4       4.97  79.5       6.80  60.0
goodseeing_gri_v1.5_10yrs                                3.67  34.2       1.28  63.7       3.71  49.5       4.59  40.5       6.66  55.8
rolling_mod3_sdf_0.20_v1.5_10yrs                         3.00   8.4       1.64  85.8       3.56  35.8       4.29  10.5       8.86  94.7
short_exp_2ns_1expt_v1.5_10yrs                           4.41  70.0       0.96  24.2       3.46  21.1       4.86  68.4       6.37  42.6
spiders_v1.5_10yrs                                       3.27  17.9       1.27  60.0       3.60  40.0       4.64  46.3       6.02  30.5
third_obs_pt90v1.5_10yrs                                 2.90   6.3       1.62  84.7       4.27  81.1       5.18  87.4       7.61  78.4
dcr_nham1_ugr_v1.5_10yrs                                 5.98  90.0       2.11  93.7       4.58  85.8       4.55  37.9       6.39  43.7
wfd_depth_scale0.75_noddf_v1.5_10yrs                     3.64  31.6       1.29  64.2       3.46  21.6       4.78  62.1       6.61  52.1
third_obs_pt60v1.5_10yrs                                 3.26  17.4       1.33  69.5       3.79  58.4       4.86  67.9       6.83  61.1
rolling_mod2_sdf_0.20_v1.5_10yrs                         3.15  12.1       1.60  84.2       3.54  33.7       4.49  32.1       7.19  71.1
wfd_depth_scale0.90_noddf_v1.5_10yrs                     3.28  18.4       1.20  51.6       3.39  16.3       4.54  36.3       6.01  29.5
wfd_depth_scale0.99_noddf_v1.5_10yrs                     3.12  11.1       1.11  41.6       2.99   5.3       4.45  26.8       5.59  13.7
bulges_cadence_bs_v1.5_10yrs                             3.80  40.0       1.32  67.9       4.10  75.3       4.99  81.1       6.62  52.6
third_obs_pt30v1.5_10yrs                                 3.36  21.6       1.21  52.1       3.62  43.7       4.76  60.0       6.44  46.3
wfd_depth_scale0.99_v1.5_10yrs                           3.21  15.8       1.15  44.7       3.22  10.5       4.49  31.6       5.97  27.4
filterdist_indx5_v1.5_10yrs                              3.56  27.9       1.28  62.6       3.22  10.0       3.85   2.1       4.08   0.5
roll_mod2_dust_sdf_0.20_v1.5_10yrs                       3.40  22.6       1.81  88.9       4.43  83.7       4.72  56.3       8.12  90.5
baseline_nexp2_scaleddown_v1.6_10yrs                     4.02  55.8       0.89  11.6       3.35  15.3       4.27   9.5       5.83  20.5
rolling_fpo_3nslice0.8_v1.6_10yrs                        3.78  37.9       0.99  28.4       3.09   8.4       4.15   4.7       5.21   5.8
rolling_fpo_2nslice0.8_v1.6_10yrs                        3.86  43.2       1.01  31.1       3.33  14.2       4.19   6.3       5.19   5.3
combo_dust_v1.6_10yrs                                    4.68  78.9       1.21  53.2       3.97  67.4       4.76  59.5       7.77  81.6
ss_heavy_v1.6_10yrs                                      4.00  52.6       1.58  82.6       9.63  99.5       2.62   0.5       7.31  73.2
rolling_fpo_6nslice0.9_v1.6_10yrs                        3.75  35.8       0.90  13.2       3.07   7.9       4.21   7.4       5.34   7.4
baseline_nexp1_v1.6_10yrs                                3.63  31.1       0.85   6.8       3.25  12.1       4.30  11.1       5.45  10.5
even_filters_g_v1.6_10yrs                                5.89  88.9       0.54   3.7       2.52   1.1       4.96  77.9       5.36   8.4
rolling_fpo_2nslice1.0_v1.6_10yrs                        3.86  42.6       1.07  37.9       3.25  11.6       4.18   5.8       5.23   6.8
rolling_fpo_3nslice1.0_v1.6_10yrs                        3.66  32.6       1.00  30.5       3.12   8.9       4.13   4.2       5.11   2.6
ddf_heavy_v1.6_10yrs                                     4.05  57.9       1.19  49.5       4.22  78.4       4.40  20.0       6.19  35.3
even_filters_altv1.6_10yrs                               6.20  90.5       0.52   2.6       2.70   3.7       5.15  85.8       5.73  14.7
rolling_exgal_mod2_dust_sdf_0.80_v1.6_10yrs              4.44  71.1       1.27  60.5       3.73  51.6       4.82  65.3       7.50  76.3
combo_dust_nexp2_v1.6_10yrs                              5.26  86.8       1.28  62.1       4.34  82.6       4.93  74.7       8.29  92.6
dm_heavy_v1.6_10yrs                                      7.73  94.7       2.47  94.2       5.85  95.8       4.23   7.9       5.94  25.3
even_filtersv1.6_10yrs                                   5.36  88.4       0.53   3.2       2.55   1.6       4.96  78.9       5.22   6.3
mw_heavy_v1.6_10yrs                                      3.91  46.3       0.88  11.1       3.28  13.2       4.34  14.2       5.51  12.6
rolling_fpo_6nslice1.0_v1.6_10yrs                        3.84  41.1       0.87  10.0       3.07   7.4       4.24   8.4       5.42  10.0
baseline_nexp2_v1.6_10yrs                                4.02  55.3       0.92  15.8       3.49  25.8       4.41  20.5       5.78  15.3
dm_heavy_nexp2_v1.6_10yrs                                8.25  96.3       2.56  95.3       6.29  97.4       4.33  13.2       6.52  50.0
rolling_fpo_6nslice0.8_v1.6_10yrs                        3.87  44.2       0.86   8.4       3.01   6.3       4.28  10.0       5.37   8.9
rolling_fpo_2nslice0.9_v1.6_10yrs                        3.79  39.5       1.04  35.3       3.26  12.6       4.20   6.8       5.18   4.7
mw_heavy_nexp2_v1.6_10yrs                                4.21  63.7       0.95  22.6       3.56  34.7       4.46  27.4       5.98  28.4
ss_heavy_nexp2_v1.6_10yrs                                4.04  56.3       1.70  86.3      10.48 100.0       2.70   1.1       7.89  85.3
rolling_fpo_3nslice0.9_v1.6_10yrs                        3.76  36.3       0.96  25.3       3.04   6.8       4.17   5.3       5.13   3.2
ddf_heavy_nexp2_v1.6_10yrs                               4.47  73.7       1.27  61.1       4.56  84.7       4.59  41.1       6.60  51.6
rolling_exgal_mod2_dust_sdf_0.80_nexp2_v1.6_10yrs        5.31  87.9       1.31  66.8       3.99  69.5       4.95  76.8       8.16  91.1
barebones_nexp2_v1.6_10yrs                              13.44  99.5       5.42  99.5       6.65  97.9       9.49  98.9       5.40   9.5
barebones_v1.6_10yrs                                    12.35  98.9       5.08  98.9       6.16  96.8       9.14  98.4       5.17   4.2
even_filters_alt_g_v1.6_10yrs                            6.31  91.6       0.56   4.2       2.70   4.2       5.21  87.9       5.81  18.9
rolling_nm_scale0.6_nslice2_v1.7_10yrs                   4.08  59.5       1.03  33.2       3.62  43.2       4.55  37.4       7.05  67.9
ddf_dither0.70_v1.7_10yrs                                3.94  47.9       0.92  17.4       3.47  22.6       4.41  22.1       5.79  16.8
rolling_scale0.9_nslice3_v1.7_10yrs                      4.50  75.8       1.38  74.7       4.06  73.7       4.70  53.7       7.82  84.2
ddf_dither1.00_v1.7_10yrs                                4.00  54.2       0.90  14.7       3.51  27.9       4.44  26.3       6.08  32.1
ddf_dither0.05_v1.7_10yrs                                3.98  51.1       0.94  22.1       3.60  40.5       4.39  16.8       5.88  22.6
euclid_dither2_v1.7_10yrs                                3.97  49.5       0.94  21.1       3.51  28.4       4.39  17.4       5.86  21.6
ddf_dither0.00_v1.7_10yrs                                3.86  43.7       1.00  28.9       3.53  31.1       4.38  16.3       5.95  25.8
twi_pairs_mixed_repeat_v1.7_10yrs                        4.70  80.0       0.76   5.3       2.65   3.2       4.40  18.9       4.32   1.1
u_long_ms_60_v1.7_10yrs                                  4.46  73.2       1.09  40.5       3.94  66.3       4.33  13.7       6.29  40.5
rolling_nm_scale0.9_nslice3_v1.7_10yrs                   4.27  66.3       1.19  50.0       3.78  57.4       4.51  33.7       7.03  67.4
rolling_scale0.6_nslice2_v1.7_10yrs                      4.18  63.2       1.10  41.1       3.84  60.0       4.63  45.3       7.65  78.9
twi_neo_pattern1_v1.7_10yrs                              5.90  89.5       0.86   7.4       4.57  85.3       6.28  95.3      17.30 100.0
cadence_drive_gl30v1.7_10yrs                             4.82  81.6       0.87   8.9       3.36  15.8       4.53  35.3       5.92  23.7
twi_neo_pattern4_v1.7_10yrs                              4.26  65.8       0.90  14.2       5.12  91.1       5.94  92.1       8.35  93.2
twi_pairs_mixed_v1.7_10yrs                               4.70  79.5       0.72   4.7       2.59   2.1       4.54  35.8       4.38   1.6
cadence_drive_gl200v1.7_10yrs                           11.50  98.4       0.07   0.5       5.20  93.7       5.05  82.6       7.71  80.5
ddf_dither2.00_v1.7_10yrs                                4.00  53.7       0.92  18.4       3.53  32.6       4.46  28.4       5.97  26.8
ddf_dither1.50_v1.7_10yrs                                3.90  45.3       0.94  21.6       3.50  27.4       4.39  18.4       5.94  24.7
twi_neo_pattern6_v1.7_10yrs                              4.54  76.8       0.89  12.6       5.21  94.2       6.23  94.7      10.70  97.9
rolling_scale0.8_nslice3_v1.7_10yrs                      4.48  74.2       1.31  67.4       4.01  71.6       4.71  55.8       7.88  84.7
u_long_ms_40_v1.7_10yrs                                  4.45  71.6       1.01  31.6       3.63  44.7       4.38  15.3       6.06  31.6
rolling_nm_scale1.0_nslice3_v1.7_10yrs                   4.00  53.2       1.32  68.4       3.76  55.3       4.62  43.2       7.14  70.5
baseline_nexp2_v1.7_10yrs                                3.94  48.4       0.92  16.3       3.47  23.7       4.41  21.1       5.79  15.8
rolling_scale0.2_nslice3_v1.7_10yrs                      4.50  75.3       1.00  29.5       3.88  62.1       4.69  53.2       7.72  81.1
twi_neo_pattern3_v1.7_10yrs                              4.24  65.3       0.87   9.5       5.14  91.6       6.16  92.6       9.43  96.3
rolling_scale0.4_nslice3_v1.7_10yrs                      4.46  72.6       1.08  39.5       3.88  62.6       4.67  48.4       7.80  83.2
u_long_ms_30_v1.7_10yrs                                  4.60  77.4       0.93  19.5       3.52  30.5       4.46  29.5       5.93  24.2
rolling_nm_scale0.8_nslice3_v1.7_10yrs                   4.09  60.0       1.18  48.4       3.75  53.7       4.53  34.7       7.25  72.1
cadence_drive_gl100_gcbv1.7_10yrs                        7.40  94.2       0.35   1.6       3.82  58.9       4.73  57.4       6.34  42.1
euclid_dither5_v1.7_10yrs                                4.04  56.8       0.96  23.2       3.58  36.3       4.42  24.2       5.82  20.0
rolling_nm_scale0.2_nslice3_v1.7_10yrs                   3.98  50.5       0.97  27.4       3.53  32.1       4.53  34.2       6.90  64.2
rolling_scale1.0_nslice3_v1.7_10yrs                      4.33  67.4       1.37  74.2       4.11  76.3       4.65  47.9       7.82  83.7
rolling_nm_scale0.4_nslice3_v1.7_10yrs                   3.98  50.0       1.08  38.4       3.65  45.8       4.51  33.2       7.06  68.4
footprint_0_v1.710yrs                                    5.23  85.8       0.97  25.8       4.29  81.6       4.98  80.0       8.19  92.1
rolling_nm_scale0.2_nslice2_v1.7_10yrs                   4.06  58.4       0.97  26.3       3.61  41.1       4.46  30.0       6.89  63.7
rolling_scale1.0_nslice2_v1.7_10yrs                      4.37  68.4       1.25  57.4       3.90  64.7       4.58  40.0       7.30  72.6
cadence_drive_gl100v1.7_10yrs                            7.30  93.7       0.38   2.1       3.79  57.9       4.83  65.8       6.22  36.8
euclid_dither1_v1.7_10yrs                                3.94  47.4       0.92  15.3       3.47  22.1       4.41  22.6       5.79  17.4
footprint_1_v1.710yrs                                    5.09  84.7       1.00  30.0       3.97  67.9       4.98  80.5       8.03  87.9
rolling_nm_scale0.4_nslice2_v1.7_10yrs                   4.14  60.5       1.01  32.1       3.58  37.9       4.44  25.3       7.02  66.8
rolling_nm_scale0.8_nslice2_v1.7_10yrs                   3.84  41.6       1.14  43.7       3.61  42.1       4.39  17.9       6.95  66.3
footprint_3_v1.710yrs                                    4.89  82.1       1.06  37.4       4.00  70.0       4.93  73.7       8.00  86.8
footprint_2_v1.710yrs                                    4.93  83.7       1.04  34.7       4.05  73.2       4.82  63.7       8.00  86.3
euclid_dither4_v1.7_10yrs                                4.06  58.9       0.94  20.5       3.49  26.3       4.44  25.8       5.88  22.1
ddf_dither0.30_v1.7_10yrs                                3.90  45.8       0.93  20.0       3.53  31.6       4.42  23.2       5.90  23.2
footprint_7_v1.710yrs                                    4.71  80.5       1.08  38.9       4.02  72.1       4.96  78.4       7.93  85.8
rolling_nm_scale1.0_nslice2_v1.7_10yrs                   4.17  61.6       1.16  45.3       3.60  39.5       4.47  30.5       6.92  65.8
rolling_scale0.2_nslice2_v1.7_10yrs                      4.18  62.6       1.02  32.6       3.85  60.5       4.70  54.7       7.65  79.5
twi_neo_pattern2_v1.7_10yrs                              4.71  81.1       0.90  13.7       5.17  93.2       6.20  93.7      11.22  98.4
rolling_scale0.4_nslice2_v1.7_10yrs                      4.36  67.9       1.05  35.8       3.87  61.6       4.64  46.8       7.71  80.0
pair_times_55_v1.7_10yrs                                 5.26  86.3       1.85  91.1       4.72  87.9       5.46  90.5       7.22  71.6
footprint_6_v1.710yrs                                    4.92  83.2       1.05  36.3       3.86  61.1       4.93  74.2       8.06  89.5
u_long_ms_50_v1.7_10yrs                                  4.38  69.5       1.03  33.7       3.76  54.2       4.42  23.7       6.20  35.8
twi_neo_pattern7_v1.7_10yrs                              4.48  74.7       0.92  17.9       4.98  90.0       6.18  93.2       9.16  95.8
rolling_scale0.8_nslice2_v1.7_10yrs                      4.37  68.9       1.16  45.8       3.89  63.2       4.64  47.4       7.57  77.4
cadence_drive_gl30_gcbv1.7_10yrs                         5.15  85.3       0.81   5.8       3.41  16.8       4.49  31.1       6.00  28.9
footprint_4_v1.710yrs                                    4.67  78.4       0.98  27.9       3.82  59.5       4.89  70.0       7.79  82.6
pair_times_44_v1.7_10yrs                                 5.28  87.4       1.47  80.5       4.22  79.5       5.05  83.2       6.91  64.7
footprint_5_v1.710yrs                                    4.89  82.6       1.06  36.8       4.00  70.5       4.93  73.2       8.00  87.4
twi_pairs_repeat_v1.7_10yrs                              3.67  33.2       1.24  54.7       3.34  14.7       4.77  61.1       5.35   7.9
twi_neo_pattern5_v1.7_10yrs                              4.64  77.9       0.88  10.5       5.16  92.6       6.23  94.2      11.29  98.9
twi_pairs_v1.7_10yrs                                     3.36  21.1       1.18  48.9       3.44  18.4       4.81  63.2       5.81  18.4
cadence_drive_gl200_gcbv1.7_10yrs                       10.88  97.9       0.07   1.1       4.99  90.5       5.08  84.7       7.55  76.8
pair_times_33_v1.7_10yrs                                 4.51  76.3       1.09  40.0       3.89  63.7       4.63  44.7       6.26  38.9
rolling_nm_scale0.9_nslice2_v1.7_10yrs                   4.00  54.7       1.14  43.2       3.62  42.6       4.46  28.9       6.85  62.1
rolling_scale0.6_nslice3_v1.7_10yrs                      4.43  70.5       1.19  50.5       3.98  68.4       4.71  55.3       7.78  82.1
baseline_nexp1_v1.7_10yrs                                3.67  33.7       0.86   7.9       3.24  11.1       4.32  11.6       5.46  11.6
pair_times_22_v1.7_10yrs                                 3.94  48.9       0.92  16.8       3.47  23.2       4.41  21.6       5.79  16.3
pair_times_11_v1.7_10yrs                                 4.04  57.4       0.96  23.7       3.51  28.9       4.57  38.4       5.82  19.5
footprint_8_v1.710yrs                                    5.00  84.2       1.15  44.2       3.98  68.9       5.17  86.8       8.17  91.6
ddf_dither0.10_v1.7_10yrs                                3.91  46.8       0.92  18.9       3.52  30.0       4.40  19.5       5.98  27.9
rolling_nm_scale0.6_nslice3_v1.7_10yrs                   3.98  52.1       1.16  46.3       3.68  47.9       4.55  36.8       7.06  68.9
rolling_scale0.9_nslice2_v1.7_10yrs                      4.27  66.8       1.20  51.1       3.90  64.2       4.62  43.7       7.60  77.9
euclid_dither3_v1.7_10yrs                                3.98  51.6       0.96  24.7       3.52  29.5       4.46  27.9       5.79  17.9
baseline_samefilt_v1.5_10yrs                            13.73 100.0       8.12 100.0       8.62  98.9      11.77 100.0      10.08  96.8
