 15.7  16.5  17.5  18.5  19.5  20.5  21.5  22.5  23.5  24.5  25.5  26.3 
  0.3   1.0   2.0   3.0   4.0   5.0   6.0   6.7 
     16         786         721         249          88          13           0           0        1857
     17        4537        5226        1589         434          90           0           0       11876
     18       20142       30979        8896        1914         338          27           0       62295
     19       66022      133784       43650        8165        1149         148           0      252924
     20      149936      351165      156085       31757        3819         489           0      693257
     21      259418      614901      361693       99893       12103        1398          39     1349390
     22      351150      888806      591612      228855       34686        3684         233     2099006
     23      353814     1191987      804235      388266       83356        9227         671     2831661
     24      138745     1504122     1007949      538464      159931       21288        1509     3372022
     25           0      943486     1210656      668398      248306       43357        3214     3117562
     26           0       34119      899996      616798      257444       57516        4817     1870695
Total       1469248     6165772     5474044     2779198      866604      149697       11505    16916122
